*YYYYMMDD HHMMSS JJJJJ.JJJJ         X             Y             Z            Sx        Sy       Sz     Rxy   Rxz    Ryz            NLat         Elong         Height         dN        dE        dU         Sn       Se       Su      Rne    Rnu    Reu  Soln
 20180327 115900 58204.4993  1952582.04334 -5808491.03951 -1780824.01638  0.01267  0.02890  0.01613 -0.705 -0.575  0.661     -16.3076955109  288.5805827735 4952.80607   -12.96450  -5.63595 -18.60778    0.01162  0.00855  0.03237 -0.121 -0.267  0.021 orbit
 20210311 115900 59284.4993  1952594.27424 -5808509.66224 -1780816.83997  0.00307  0.00700  0.00307 -0.554 -0.614  0.686     -16.3075786822  288.5806356893 4971.47328     0.04082   0.01765   0.05943    0.00207  0.00250  0.00758 -0.279 -0.120 -0.113 orbit
 20210312 115900 59285.4993  1952594.27452 -5808509.65464 -1780816.83709  0.00310  0.00711  0.00307 -0.540 -0.614  0.673     -16.3075786753  288.5806357144 4971.46564     0.04159   0.02033   0.05179    0.00209  0.00257  0.00766 -0.303 -0.091 -0.129 orbit
 20210313 115900 59286.4993  1952594.27366 -5808509.66104 -1780816.83891  0.00297  0.00683  0.00289 -0.534 -0.594  0.700     -16.3075786764  288.5806356877 4971.47171     0.04146   0.01748   0.05786    0.00191  0.00248  0.00735 -0.253 -0.103 -0.140 orbit
 20210314 115900 59287.4993  1952594.27413 -5808509.66485 -1780816.83935  0.00321  0.00744  0.00320 -0.572 -0.614  0.694     -16.3075786706  288.5806356806 4971.47545     0.04211   0.01671   0.06160    0.00214  0.00257  0.00804 -0.263 -0.107 -0.117 orbit
 20210315 115900 59288.4993  1952594.27425 -5808509.66692 -1780816.83946  0.00308  0.00707  0.00307 -0.547 -0.605  0.706     -16.3075786665  288.5806356755 4971.47739     0.04256   0.01617   0.06354    0.00201  0.00253  0.00764 -0.251 -0.137 -0.129 orbit
 20210316 115900 59289.4993  1952594.27455 -5808509.66747 -1780816.83847  0.00303  0.00679  0.00301 -0.547 -0.601  0.714     -16.3075786564  288.5806356765 4971.47771     0.04369   0.01628   0.06386    0.00196  0.00248  0.00738 -0.233 -0.167 -0.106 orbit
 20210317 115900 59290.4993  1952594.27721 -5808509.66859 -1780816.84126  0.00333  0.00720  0.00326 -0.552 -0.640  0.695     -16.3075786757  288.5806356968 4971.48032     0.04154   0.01844   0.06647    0.00216  0.00269  0.00785 -0.315 -0.167 -0.060 orbit
 20210318 115900 59291.4993  1952594.27497 -5808509.66417 -1780816.83855  0.00290  0.00671  0.00285 -0.562 -0.604  0.714     -16.3075786647  288.5806356900 4971.47485     0.04277   0.01772   0.06100    0.00185  0.00235  0.00725 -0.235 -0.118 -0.124 orbit
 20210319 115900 59292.4993  1952594.27194 -5808509.66518 -1780816.84197  0.00278  0.00661  0.00285 -0.547 -0.611  0.639     -16.3075786943  288.5806356601 4971.47581     0.03947   0.01453   0.06196    0.00204  0.00230  0.00708 -0.324 -0.054 -0.156 orbit
 20210320 115900 59293.4993  1952594.27487 -5808509.65964 -1780816.84187  0.00303  0.00679  0.00304 -0.529 -0.608  0.657     -16.3075787043  288.5806357026 4971.47164     0.03835   0.01907   0.05779    0.00211  0.00252  0.00733 -0.307 -0.110 -0.113 orbit
 20210321 115900 59294.4993  1952594.27450 -5808509.66715 -1780816.84095  0.00309  0.00735  0.00326 -0.540 -0.605  0.681     -16.3075786787  288.5806356770 4971.47810     0.04121   0.01633   0.06425    0.00222  0.00258  0.00792 -0.276 -0.132 -0.164 orbit
 20210322 115900 59295.4993  1952594.27679 -5808509.66406 -1780816.84156  0.00293  0.00667  0.00293 -0.536 -0.609  0.684     -16.3075786895  288.5806357065 4971.47616     0.04000   0.01948   0.06231    0.00198  0.00243  0.00720 -0.285 -0.125 -0.124 orbit
 20210323 115900 59296.4993  1952594.27710 -5808509.67023 -1780816.84151  0.00307  0.00723  0.00318 -0.546 -0.611  0.693     -16.3075786740  288.5806356909 4971.48185     0.04173   0.01781   0.06800    0.00213  0.00254  0.00780 -0.271 -0.138 -0.151 orbit
 20210324 115900 59297.4993  1952594.27475 -5808509.66781 -1780816.83788  0.00291  0.00679  0.00293 -0.525 -0.593  0.717     -16.3075786502  288.5806356772 4971.47791     0.04437   0.01635   0.06406    0.00189  0.00246  0.00732 -0.239 -0.148 -0.161 orbit
 20210325 115900 59298.4993  1952594.27602 -5808509.66967 -1780816.83895  0.00309  0.00716  0.00310 -0.521 -0.594  0.717     -16.3075786541  288.5806356830 4971.48029     0.04395   0.01697   0.06644    0.00200  0.00261  0.00772 -0.242 -0.153 -0.158 orbit
 20210326 115900 59299.4993  1952594.27511 -5808509.67173 -1780816.84041  0.00292  0.00663  0.00288 -0.519 -0.584  0.724     -16.3075786625  288.5806356687 4971.48230     0.04301   0.01545   0.06845    0.00184  0.00246  0.00716 -0.220 -0.162 -0.143 orbit
 20210327 115900 59300.4993  1952594.27567 -5808509.66563 -1780816.84084  0.00303  0.00699  0.00306 -0.571 -0.604  0.697     -16.3075786805  288.5806356919 4971.47704     0.04101   0.01792   0.06319    0.00204  0.00243  0.00757 -0.240 -0.126 -0.115 orbit
 20210328 115900 59301.4993  1952594.27685 -5808509.66746 -1780816.83912  0.00293  0.00667  0.00295 -0.532 -0.583  0.715     -16.3075786602  288.5806356969 4971.47858     0.04327   0.01845   0.06473    0.00192  0.00244  0.00722 -0.212 -0.166 -0.136 orbit
 20210329 115900 59302.4993  1952594.27629 -5808509.66687 -1780816.83961  0.00288  0.00649  0.00287 -0.541 -0.583  0.709     -16.3075786663  288.5806356937 4971.47801     0.04259   0.01812   0.06416    0.00188  0.00237  0.00704 -0.213 -0.154 -0.118 orbit
 20210330 115900 59303.4993  1952594.27506 -5808509.66770 -1780816.83845  0.00285  0.00663  0.00283 -0.533 -0.583  0.704     -16.3075786552  288.5806356803 4971.47807     0.04382   0.01669   0.06422    0.00187  0.00238  0.00714 -0.229 -0.117 -0.153 orbit
 20210331 115900 59304.4993  1952594.27412 -5808509.66527 -1780816.84102  0.00272  0.00629  0.00275 -0.556 -0.590  0.683     -16.3075786841  288.5806356792 4971.47629     0.04060   0.01657   0.06244    0.00187  0.00222  0.00679 -0.241 -0.110 -0.128 orbit
 20210401 115900 59305.4993  1952594.27515 -5808509.67805 -1780816.84451  0.00293  0.00684  0.00298 -0.530 -0.578  0.701     -16.3075786828  288.5806356503 4971.48921     0.04075   0.01348   0.07536    0.00198  0.00246  0.00737 -0.223 -0.133 -0.159 orbit
 20210402 115900 59306.4993  1952594.27305 -5808509.66514 -1780816.83988  0.00274  0.00642  0.00276 -0.540 -0.596  0.673     -16.3075786754  288.5806356702 4971.47553     0.04158   0.01560   0.06168    0.00189  0.00228  0.00690 -0.273 -0.085 -0.153 orbit
 20210403 115900 59307.4993  1952594.27416 -5808509.66567 -1780816.84155  0.00292  0.00667  0.00295 -0.552 -0.616  0.667     -16.3075786877  288.5806356784 4971.47682     0.04020   0.01648   0.06297    0.00204  0.00239  0.00721 -0.300 -0.108 -0.114 orbit
 20210404 115900 59308.4993  1952594.27617 -5808509.66932 -1780816.84039  0.00277  0.00640  0.00279 -0.554 -0.612  0.686     -16.3075786672  288.5806356853 4971.48043     0.04248   0.01722   0.06658    0.00188  0.00226  0.00691 -0.277 -0.115 -0.127 orbit
 20210405 115900 59309.4993  1952594.27706 -5808509.66294 -1780816.84032  0.00285  0.00674  0.00293 -0.550 -0.610  0.694     -16.3075786813  288.5806357122 4971.47487     0.04092   0.02009   0.06102    0.00196  0.00235  0.00727 -0.270 -0.124 -0.152 orbit
 20210406 115900 59310.4993  1952594.27472 -5808509.66646 -1780816.83765  0.00287  0.00677  0.00290 -0.563 -0.613  0.695     -16.3075786516  288.5806356810 4971.47661     0.04422   0.01676   0.06276    0.00194  0.00233  0.00730 -0.267 -0.109 -0.142 orbit
 20210407 115900 59311.4993  1952594.27442 -5808509.66313 -1780816.83898  0.00302  0.00693  0.00308 -0.546 -0.610  0.688     -16.3075786713  288.5806356883 4971.47387     0.04203   0.01754   0.06002    0.00207  0.00248  0.00749 -0.274 -0.140 -0.126 orbit
 20210408 115900 59312.4993  1952594.27657 -5808509.66999 -1780816.84075  0.00300  0.00665  0.00298 -0.550 -0.623  0.699     -16.3075786685  288.5806356868 4971.48126     0.04235   0.01738   0.06741    0.00197  0.00244  0.00723 -0.283 -0.162 -0.091 orbit
 20210409 115900 59313.4993  1952594.27700 -5808509.66737 -1780816.83897  0.00317  0.00691  0.00320 -0.557 -0.628  0.718     -16.3075786590  288.5806356985 4971.47851     0.04340   0.01863   0.06466    0.00207  0.00255  0.00757 -0.265 -0.220 -0.067 orbit
 20210410 115900 59314.4993  1952594.28127 -5808509.66871 -1780816.84078  0.00305  0.00681  0.00313 -0.555 -0.639  0.696     -16.3075786680  288.5806357323 4971.48154     0.04240   0.02224   0.06769    0.00208  0.00247  0.00742 -0.306 -0.185 -0.088 orbit
 20210411 115900 59315.4993  1952594.27887 -5808509.67022 -1780816.84176  0.00312  0.00695  0.00332 -0.592 -0.639  0.719     -16.3075786748  288.5806357065 4971.48246     0.04164   0.01948   0.06861    0.00216  0.00243  0.00765 -0.257 -0.242 -0.060 orbit
 20210412 115900 59316.4993  1952594.27658 -5808509.66298 -1780816.83821  0.00289  0.00668  0.00293 -0.565 -0.612  0.705     -16.3075786633  288.5806357079 4971.47418     0.04292   0.01963   0.06033    0.00193  0.00233  0.00724 -0.249 -0.143 -0.120 orbit
 20210413 115900 59317.4993  1952594.27442 -5808509.66478 -1780816.83809  0.00290  0.00666  0.00299 -0.585 -0.632  0.709     -16.3075786597  288.5806356833 4971.47512     0.04333   0.01701   0.06127    0.00196  0.00229  0.00726 -0.265 -0.171 -0.097 orbit
 20210414 115900 59318.4993  1952594.27714 -5808509.66904 -1780816.83955  0.00283  0.00651  0.00284 -0.569 -0.615  0.705     -16.3075786599  288.5806356947 4971.48023     0.04330   0.01823   0.06638    0.00187  0.00227  0.00706 -0.253 -0.137 -0.113 orbit
 20210415 115900 59319.4993  1952594.27760 -5808509.66834 -1780816.84049  0.00295  0.00689  0.00306 -0.569 -0.608  0.710     -16.3075786693  288.5806357010 4971.48000     0.04225   0.01889   0.06615    0.00201  0.00238  0.00747 -0.234 -0.160 -0.129 orbit
 20210416 115900 59320.4993  1952594.27542 -5808509.66731 -1780816.83918  0.00285  0.00658  0.00284 -0.546 -0.617  0.697     -16.3075786622  288.5806356846 4971.47802     0.04304   0.01715   0.06417    0.00188  0.00235  0.00710 -0.283 -0.122 -0.131 orbit
 20210417 115900 59321.4993  1952594.27490 -5808509.66503 -1780816.83708  0.00279  0.00639  0.00279 -0.560 -0.616  0.700     -16.3075786499  288.5806356869 4971.47520     0.04441   0.01739   0.06135    0.00184  0.00226  0.00692 -0.268 -0.133 -0.113 orbit
 20210418 115900 59322.4993  1952594.27635 -5808509.66497 -1780816.83650  0.00268  0.00630  0.00271 -0.546 -0.598  0.690     -16.3075786438  288.5806356999 4971.47543     0.04509   0.01878   0.06158    0.00182  0.00221  0.00678 -0.257 -0.106 -0.152 orbit
 20210419 115900 59323.4993  1952594.28136 -5808509.66873 -1780816.83768  0.00374  0.00774  0.00317 -0.616 -0.588  0.748     -16.3075786410  288.5806357331 4971.48072     0.04540   0.02232   0.06687    0.00197  0.00280  0.00849 -0.115 -0.093  0.023 orbit
 20210420 115900 59324.4993  1952594.27646 -5808509.66171 -1780816.83911  0.00306  0.00690  0.00320 -0.550 -0.611  0.704     -16.3075786742  288.5806357106 4971.47323     0.04170   0.01992   0.05938    0.00211  0.00250  0.00752 -0.252 -0.198 -0.107 orbit
 20210421 115900 59325.4993  1952594.27680 -5808509.66802 -1780816.83754  0.00306  0.00704  0.00313 -0.553 -0.619  0.714     -16.3075786452  288.5806356948 4971.47864     0.04493   0.01823   0.06479    0.00203  0.00250  0.00763 -0.259 -0.173 -0.123 orbit
 20210422 115900 59326.4993  1952594.27741 -5808509.66821 -1780816.83702  0.00309  0.00706  0.00312 -0.565 -0.602  0.727     -16.3075786397  288.5806356996 4971.47885     0.04555   0.01875   0.06500    0.00200  0.00249  0.00768 -0.208 -0.179 -0.112 orbit
 20210423 115900 59327.4993  1952594.27559 -5808509.66805 -1780816.84077  0.00297  0.00701  0.00306 -0.595 -0.618  0.715     -16.3075786741  288.5806356840 4971.47920     0.04172   0.01708   0.06535    0.00199  0.00233  0.00761 -0.229 -0.145 -0.118 orbit
 20210424 115900 59328.4993  1952594.27928 -5808509.66884 -1780816.84086  0.00304  0.00696  0.00311 -0.567 -0.627  0.723     -16.3075786700  288.5806357143 4971.48108     0.04218   0.02032   0.06723    0.00199  0.00244  0.00758 -0.255 -0.188 -0.108 orbit
 20210425 115900 59329.4993  1952594.27828 -5808509.67420 -1780816.84948  0.00304  0.00733  0.00356 -0.645 -0.606  0.642     -16.3075787326  288.5806356894 4971.48807     0.03520   0.01766   0.07422    0.00256  0.00225  0.00800 -0.242 -0.148 -0.092 orbit
 20210426 115900 59330.4993  1952594.27789 -5808509.66683 -1780816.83935  0.00289  0.00661  0.00291 -0.547 -0.593  0.692     -16.3075786629  288.5806357080 4971.47839     0.04297   0.01964   0.06454    0.00196  0.00237  0.00715 -0.242 -0.131 -0.126 orbit
 20210427 115900 59331.4993  1952594.27781 -5808509.67024 -1780816.83859  0.00278  0.00643  0.00279 -0.563 -0.607  0.705     -16.3075786481  288.5806356971 4971.48126     0.04461   0.01848   0.06741    0.00184  0.00225  0.00696 -0.243 -0.133 -0.124 orbit
 20210428 115900 59332.4993  1952594.27749 -5808509.66410 -1780816.83918  0.00282  0.00654  0.00290 -0.561 -0.604  0.710     -16.3075786682  288.5806357126 4971.47574     0.04237   0.02013   0.06189    0.00190  0.00229  0.00709 -0.233 -0.161 -0.128 orbit
 20210429 115900 59333.4993  1952594.27703 -5808509.66821 -1780816.84071  0.00278  0.00645  0.00287 -0.595 -0.639  0.692     -16.3075786720  288.5806356963 4971.47977     0.04195   0.01839   0.06592    0.00192  0.00218  0.00701 -0.288 -0.138 -0.094 orbit
 20210430 115900 59334.4993  1952594.27753 -5808509.66532 -1780816.83910  0.00268  0.00627  0.00272 -0.582 -0.615  0.696     -16.3075786646  288.5806357093 4971.47685     0.04278   0.01978   0.06300    0.00182  0.00213  0.00679 -0.253 -0.116 -0.119 orbit
 20210501 115900 59335.4993  1952594.27847 -5808509.67113 -1780816.84288  0.00286  0.00653  0.00302 -0.593 -0.645  0.687     -16.3075786826  288.5806357004 4971.48347     0.04077   0.01883   0.06962    0.00203  0.00223  0.00713 -0.300 -0.172 -0.077 orbit
 20210502 115900 59336.4993  1952594.27511 -5808509.66492 -1780816.83808  0.00281  0.00648  0.00288 -0.558 -0.614  0.693     -16.3075786586  288.5806356891 4971.47545     0.04344   0.01762   0.06160    0.00192  0.00229  0.00702 -0.268 -0.144 -0.121 orbit
 20210503 115900 59337.4993  1952594.27688 -5808509.66036 -1780816.83826  0.00318  0.00682  0.00299 -0.576 -0.611  0.717     -16.3075786697  288.5806357183 4971.47190     0.04221   0.02074   0.05805    0.00194  0.00250  0.00745 -0.228 -0.152 -0.041 orbit
 20210504 115900 59338.4993  1952594.28201 -5808509.67011 -1780816.84110  0.00335  0.00705  0.00347 -0.592 -0.680  0.701     -16.3075786668  288.5806357347 4971.48313     0.04253   0.02250   0.06928    0.00229  0.00258  0.00781 -0.351 -0.253  0.005 orbit
 20210505 115900 59339.4993  1952594.27755 -5808509.66619 -1780816.84136  0.00306  0.00681  0.00303 -0.560 -0.638  0.683     -16.3075786821  288.5806357068 4971.47827     0.04083   0.01952   0.06442    0.00204  0.00246  0.00739 -0.318 -0.135 -0.083 orbit
 20210506 115900 59340.4993  1952594.27777 -5808509.67174 -1780816.84477  0.00305  0.00667  0.00313 -0.579 -0.648  0.679     -16.3075786981  288.5806356923 4971.48435     0.03904   0.01796   0.07050    0.00213  0.00240  0.00730 -0.322 -0.179 -0.047 orbit
 20210507 115900 59341.4993  1952594.27480 -5808509.66882 -1780816.83815  0.00281  0.00626  0.00279 -0.559 -0.628  0.674     -16.3075786502  288.5806356747 4971.47892     0.04438   0.01608   0.06507    0.00190  0.00226  0.00679 -0.307 -0.124 -0.084 orbit
 20210508 115900 59342.4993  1952594.27730 -5808509.66399 -1780816.83802  0.00312  0.00677  0.00316 -0.572 -0.652  0.684     -16.3075786586  288.5806357112 4971.47526     0.04345   0.01999   0.06141    0.00213  0.00247  0.00741 -0.330 -0.181 -0.046 orbit
 20210509 115900 59343.4993  1952594.27503 -5808509.66829 -1780816.84022  0.00303  0.00687  0.00314 -0.588 -0.639  0.690     -16.3075786692  288.5806356783 4971.47910     0.04226   0.01647   0.06525    0.00211  0.00238  0.00749 -0.291 -0.164 -0.077 orbit
 20210510 115900 59344.4993  1952594.27547 -5808509.66304 -1780816.83802  0.00300  0.00665  0.00307 -0.571 -0.641  0.690     -16.3075786624  288.5806356978 4971.47383     0.04302   0.01855   0.05998    0.00205  0.00239  0.00726 -0.306 -0.177 -0.069 orbit
 20210511 115900 59345.4993  1952594.27760 -5808509.66810 -1780816.84018  0.00297  0.00654  0.00300 -0.578 -0.632  0.701     -16.3075786672  288.5806357017 4971.47970     0.04249   0.01896   0.06585    0.00199  0.00234  0.00715 -0.277 -0.181 -0.060 orbit
 20210512 115900 59346.4993  1952594.27764 -5808509.66478 -1780816.83995  0.00321  0.00687  0.00326 -0.565 -0.623  0.716     -16.3075786731  288.5806357119 4971.47662     0.04182   0.02006   0.06277    0.00212  0.00255  0.00755 -0.253 -0.233 -0.046 orbit
 20210513 115900 59347.4993  1952594.27538 -5808509.66464 -1780816.83904  0.00295  0.00653  0.00301 -0.586 -0.654  0.670     -16.3075786674  288.5806356923 4971.47555     0.04246   0.01796   0.06170    0.00207  0.00231  0.00713 -0.337 -0.151 -0.051 orbit
 20210514 115900 59348.4993  1952594.27940 -5808509.67410 -1780816.84434  0.00320  0.00700  0.00341 -0.604 -0.672  0.675     -16.3075786874  288.5806356997 4971.48687     0.04024   0.01876   0.07302    0.00233  0.00245  0.00771 -0.351 -0.208 -0.021 orbit
 20210515 115900 59349.4993  1952594.27684 -5808509.66892 -1780816.84190  0.00285  0.00642  0.00298 -0.591 -0.655  0.672     -16.3075786808  288.5806356925 4971.48069     0.04097   0.01798   0.06684    0.00204  0.00223  0.00701 -0.334 -0.157 -0.064 orbit
 20210516 115900 59350.4993  1952594.28036 -5808509.67078 -1780816.84243  0.00301  0.00632  0.00314 -0.601 -0.672  0.675     -16.3075786780  288.5806357181 4971.48361     0.04128   0.02072   0.06976    0.00215  0.00230  0.00700 -0.353 -0.224  0.015 orbit
 20210517 115900 59351.4993  1952594.27693 -5808509.66550 -1780816.84124  0.00297  0.00645  0.00307 -0.578 -0.665  0.692     -16.3075786832  288.5806357034 4971.47742     0.04071   0.01915   0.06357    0.00204  0.00234  0.00709 -0.340 -0.211 -0.038 orbit
 20210518 115900 59352.4993  1952594.27717 -5808509.66796 -1780816.84124  0.00302  0.00652  0.00312 -0.607 -0.676  0.680     -16.3075786771  288.5806356983 4971.47973     0.04139   0.01860   0.06588    0.00211  0.00230  0.00719 -0.354 -0.195 -0.007 orbit
 20210519 115900 59353.4993  1952594.27576 -5808509.66580 -1780816.84010  0.00304  0.00664  0.00327 -0.616 -0.690  0.668     -16.3075786735  288.5806356921 4971.47702     0.04178   0.01795   0.06317    0.00225  0.00230  0.00733 -0.383 -0.207 -0.005 orbit
 20210520 115900 59354.4993  1952594.27438 -5808509.66458 -1780816.83865  0.00291  0.00647  0.00299 -0.576 -0.658  0.683     -16.3075786650  288.5806356836 4971.47508     0.04273   0.01704   0.06123    0.00202  0.00231  0.00707 -0.339 -0.172 -0.063 orbit
 20210521 115900 59355.4993  1952594.28202 -5808509.66590 -1780816.84048  0.00361  0.00718  0.00334 -0.634 -0.680  0.729     -16.3075786715  288.5806357473 4971.47913     0.04200   0.02384   0.06528    0.00212  0.00265  0.00802 -0.304 -0.222  0.095 orbit
 20210522 115900 59356.4993  1952594.27811 -5808509.67088 -1780816.84266  0.00306  0.00679  0.00329 -0.621 -0.686  0.671     -16.3075786816  288.5806356978 4971.48308     0.04088   0.01856   0.06923    0.00226  0.00231  0.00748 -0.371 -0.196 -0.016 orbit
 20210523 115900 59357.4993  1952594.27664 -5808509.66965 -1780816.84037  0.00283  0.00641  0.00289 -0.593 -0.642  0.679     -16.3075786659  288.5806356885 4971.48086     0.04263   0.01756   0.06701    0.00197  0.00221  0.00698 -0.305 -0.137 -0.072 orbit
 20210524 115900 59358.4993  1952594.27716 -5808509.66755 -1780816.84001  0.00301  0.00688  0.00309 -0.593 -0.652  0.701     -16.3075786674  288.5806356994 4971.47901     0.04246   0.01872   0.06516    0.00204  0.00235  0.00750 -0.304 -0.161 -0.081 orbit
 20210525 115900 59359.4993  1952594.28045 -5808509.67466 -1780816.84199  0.00299  0.00670  0.00299 -0.587 -0.627  0.709     -16.3075786648  288.5806357074 4971.48704     0.04275   0.01958   0.07319    0.00196  0.00235  0.00731 -0.256 -0.161 -0.070 orbit
 20210526 115900 59360.4993  1952594.27615 -5808509.67097 -1780816.84139  0.00287  0.00683  0.00299 -0.598 -0.634  0.697     -16.3075786719  288.5806356802 4971.48221     0.04196   0.01668   0.06836    0.00199  0.00225  0.00740 -0.274 -0.129 -0.121 orbit
 20210527 115900 59361.4993  1952594.27595 -5808509.67111 -1780816.84008  0.00276  0.00650  0.00283 -0.573 -0.615  0.720     -16.3075786604  288.5806356780 4971.48189     0.04324   0.01644   0.06804    0.00183  0.00222  0.00705 -0.236 -0.156 -0.133 orbit
 20210528 115900 59362.4993  1952594.27693 -5808509.67316 -1780816.84192  0.00291  0.00660  0.00300 -0.583 -0.628  0.676     -16.3075786707  288.5806356806 4971.48459     0.04210   0.01672   0.07074    0.00205  0.00229  0.00718 -0.290 -0.139 -0.083 orbit
 20210529 115900 59363.4993  1952594.27655 -5808509.66901 -1780816.84256  0.00285  0.00662  0.00301 -0.616 -0.645  0.672     -16.3075786865  288.5806356896 4971.48087     0.04034   0.01768   0.06702    0.00207  0.00217  0.00721 -0.302 -0.133 -0.074 orbit
 20210530 115900 59364.4993  1952594.27723 -5808509.66958 -1780816.84090  0.00295  0.00660  0.00290 -0.595 -0.631  0.699     -16.3075786701  288.5806356939 4971.48113     0.04216   0.01814   0.06728    0.00192  0.00229  0.00719 -0.268 -0.130 -0.061 orbit
 20210531 115900 59365.4993  1952594.27274 -5808509.66343 -1780816.83561  0.00272  0.00641  0.00284 -0.593 -0.625  0.675     -16.3075786427  288.5806356725 4971.47268     0.04521   0.01585   0.05883    0.00195  0.00214  0.00695 -0.282 -0.113 -0.113 orbit
 20210601 115900 59366.4993  1952594.27377 -5808509.66226 -1780816.83752  0.00265  0.00632  0.00285 -0.582 -0.635  0.643     -16.3075786613  288.5806356851 4971.47246     0.04315   0.01720   0.05861    0.00202  0.00211  0.00682 -0.333 -0.099 -0.129 orbit
 20210602 115900 59367.4993  1952594.27724 -5808509.66669 -1780816.84118  0.00274  0.00639  0.00297 -0.597 -0.643  0.661     -16.3075786796  288.5806357027 4971.47858     0.04111   0.01907   0.06473    0.00207  0.00214  0.00695 -0.318 -0.145 -0.095 orbit
 20210603 115900 59368.4993  1952594.27456 -5808509.66188 -1780816.83508  0.00267  0.00624  0.00276 -0.576 -0.635  0.666     -16.3075786404  288.5806356932 4971.47168     0.04547   0.01807   0.05783    0.00190  0.00214  0.00675 -0.319 -0.104 -0.115 orbit
 20210604 115900 59369.4993  1952594.27852 -5808509.66462 -1780816.83654  0.00261  0.00617  0.00269 -0.567 -0.622  0.698     -16.3075786433  288.5806357202 4971.47579     0.04515   0.02094   0.06194    0.00179  0.00212  0.00667 -0.274 -0.131 -0.137 orbit
 20210605 115900 59370.4993  1952594.27638 -5808509.66283 -1780816.83854  0.00274  0.00647  0.00286 -0.582 -0.627  0.693     -16.3075786666  288.5806357066 4971.47406     0.04255   0.01949   0.06021    0.00191  0.00219  0.00701 -0.275 -0.134 -0.125 orbit
 20210606 115900 59371.4993  1952594.27747 -5808509.66816 -1780816.84163  0.00281  0.00635  0.00298 -0.598 -0.653  0.674     -16.3075786797  288.5806357003 4971.48012     0.04109   0.01882   0.06627    0.00204  0.00218  0.00695 -0.324 -0.168 -0.062 orbit
 20210607 115900 59372.4993  1952594.27895 -5808509.66717 -1780816.84432  0.00287  0.00657  0.00308 -0.595 -0.648  0.669     -16.3075787042  288.5806357164 4971.48042     0.03836   0.02054   0.06657    0.00213  0.00224  0.00717 -0.320 -0.164 -0.076 orbit
 20210608 115900 59373.4993  1952594.27860 -5808509.66318 -1780816.83866  0.00276  0.00628  0.00278 -0.570 -0.636  0.670     -16.3075786650  288.5806357251 4971.47510     0.04273   0.02147   0.06125    0.00191  0.00221  0.00680 -0.319 -0.112 -0.093 orbit
 20210609 115900 59374.4993  1952594.27880 -5808509.66630 -1780816.84229  0.00295  0.00659  0.00307 -0.583 -0.654  0.667     -16.3075786888  288.5806357177 4971.47901     0.04008   0.02068   0.06516    0.00211  0.00232  0.00719 -0.341 -0.158 -0.062 orbit
 20210610 115900 59375.4993  1952594.27622 -5808509.66074 -1780816.83758  0.00277  0.00634  0.00284 -0.577 -0.633  0.675     -16.3075786634  288.5806357114 4971.47184     0.04290   0.02000   0.05799    0.00194  0.00220  0.00688 -0.304 -0.126 -0.097 orbit
 20210611 115900 59376.4993  1952594.27783 -5808509.66509 -1780816.83982  0.00276  0.00639  0.00288 -0.581 -0.642  0.664     -16.3075786711  288.5806357127 4971.47693     0.04205   0.02014   0.06308    0.00200  0.00219  0.00693 -0.327 -0.122 -0.102 orbit
 20210612 115900 59377.4993  1952594.27392 -5808509.66300 -1780816.83740  0.00262  0.00611  0.00269 -0.576 -0.614  0.685     -16.3075786584  288.5806356843 4971.47315     0.04347   0.01710   0.05930    0.00182  0.00209  0.00661 -0.265 -0.120 -0.119 orbit
 20210613 115900 59378.4993  1952594.27989 -5808509.66449 -1780816.83727  0.00298  0.00643  0.00295 -0.596 -0.635  0.712     -16.3075786488  288.5806357327 4971.47629     0.04453   0.02228   0.06244    0.00193  0.00230  0.00706 -0.259 -0.191 -0.025 orbit
 20210614 115900 59379.4993  1952594.27638 -5808509.66016 -1780816.83552  0.00262  0.00603  0.00269 -0.590 -0.637  0.678     -16.3075786469  288.5806357145 4971.47079     0.04474   0.02034   0.05694    0.00183  0.00206  0.00655 -0.301 -0.122 -0.091 orbit
 20210615 115900 59380.4993  1952594.28234 -5808509.66519 -1780816.84199  0.00314  0.00663  0.00332 -0.601 -0.683  0.670     -16.3075786861  288.5806357523 4971.47900     0.04038   0.02438   0.06515    0.00228  0.00240  0.00734 -0.376 -0.226  0.017 orbit
 20210616 115900 59381.4993  1952594.27633 -5808509.66988 -1780816.83879  0.00297  0.00685  0.00307 -0.597 -0.621  0.701     -16.3075786519  288.5806356851 4971.48053     0.04419   0.01719   0.06668    0.00204  0.00231  0.00746 -0.244 -0.153 -0.091 orbit
 20210617 115900 59382.4993  1952594.27965 -5808509.66972 -1780816.83943  0.00278  0.00631  0.00291 -0.604 -0.650  0.693     -16.3075786551  288.5806357150 4971.48158     0.04383   0.02039   0.06773    0.00194  0.00214  0.00690 -0.297 -0.174 -0.063 orbit
 20210618 115900 59383.4993  1952594.28276 -5808509.67448 -1780816.84338  0.00282  0.00629  0.00302 -0.617 -0.671  0.690     -16.3075786754  288.5806357284 4971.48798     0.04157   0.02182   0.07413    0.00203  0.00213  0.00692 -0.328 -0.211 -0.030 orbit
 20210619 115900 59384.4993  1952594.27847 -5808509.65998 -1780816.83701  0.00283  0.00660  0.00300 -0.593 -0.643  0.677     -16.3075786586  288.5806357336 4971.47168     0.04345   0.02237   0.05783    0.00205  0.00222  0.00717 -0.308 -0.144 -0.100 orbit
 20210620 115900 59385.4993  1952594.27578 -5808509.66009 -1780816.83364  0.00264  0.00615  0.00272 -0.592 -0.628  0.687     -16.3075786312  288.5806357093 4971.47001     0.04649   0.01978   0.05616    0.00184  0.00207  0.00668 -0.277 -0.127 -0.103 orbit
 20210621 115900 59386.4993  1952594.27791 -5808509.66224 -1780816.83573  0.00300  0.00656  0.00298 -0.593 -0.636  0.694     -16.3075786424  288.5806357218 4971.47321     0.04524   0.02112   0.05936    0.00199  0.00232  0.00718 -0.280 -0.159 -0.039 orbit
 20210622 115900 59387.4993  1952594.27690 -5808509.66450 -1780816.83537  0.00255  0.00610  0.00267 -0.588 -0.630  0.674     -16.3075786348  288.5806357061 4971.47486     0.04610   0.01944   0.06101    0.00183  0.00202  0.00659 -0.296 -0.103 -0.133 orbit
 20210623 115900 59388.4993  1952594.27394 -5808509.66044 -1780816.83480  0.00254  0.00606  0.00266 -0.571 -0.625  0.687     -16.3075786420  288.5806356920 4971.47010     0.04530   0.01794   0.05625    0.00179  0.00206  0.00655 -0.287 -0.122 -0.142 orbit
 20210624 115900 59389.4993  1952594.27493 -5808509.65956 -1780816.83367  0.00265  0.00614  0.00270 -0.568 -0.619  0.681     -16.3075786335  288.5806357034 4971.46928     0.04624   0.01915   0.05543    0.00184  0.00213  0.00664 -0.283 -0.118 -0.118 orbit
 20210625 115900 59390.4993  1952594.27467 -5808509.65935 -1780816.83290  0.00267  0.00618  0.00277 -0.570 -0.623  0.667     -16.3075786275  288.5806357017 4971.46879     0.04690   0.01897   0.05494    0.00191  0.00215  0.00668 -0.299 -0.117 -0.111 orbit
 20210626 115900 59391.4993  1952594.27912 -5808509.66688 -1780816.83780  0.00269  0.00624  0.00281 -0.577 -0.622  0.683     -16.3075786483  288.5806357187 4971.47839     0.04459   0.02079   0.06454    0.00190  0.00215  0.00677 -0.278 -0.141 -0.110 orbit
 20210627 115900 59392.4993  1952594.27826 -5808509.66571 -1780816.84097  0.00288  0.00648  0.00303 -0.598 -0.648  0.688     -16.3075786793  288.5806357146 4971.47794     0.04114   0.02034   0.06409    0.00204  0.00223  0.00710 -0.301 -0.182 -0.060 orbit
 20210628 115900 59393.4993  1952594.27758 -5808509.66337 -1780816.83622  0.00280  0.00635  0.00288 -0.591 -0.642  0.682     -16.3075786443  288.5806357156 4971.47427     0.04504   0.02045   0.06042    0.00195  0.00219  0.00692 -0.304 -0.145 -0.074 orbit
 20210629 115900 59394.4993  1952594.27735 -5808509.66053 -1780816.83568  0.00260  0.00612  0.00273 -0.589 -0.629  0.675     -16.3075786466  288.5806357220 4971.47146     0.04478   0.02113   0.05761    0.00187  0.00205  0.00663 -0.291 -0.122 -0.116 orbit
 20210630 115900 59395.4993  1952594.27751 -5808509.65932 -1780816.83287  0.00268  0.00617  0.00269 -0.544 -0.607  0.661     -16.3075786251  288.5806357270 4971.46963     0.04718   0.02167   0.05578    0.00187  0.00221  0.00664 -0.298 -0.086 -0.129 orbit
 20210701 115900 59396.4993  1952594.27615 -5808509.66391 -1780816.83305  0.00254  0.00594  0.00257 -0.555 -0.610  0.685     -16.3075786167  288.5806357012 4971.47344     0.04811   0.01892   0.05959    0.00174  0.00208  0.00640 -0.275 -0.108 -0.138 orbit
 20210702 115900 59397.4993  1952594.27579 -5808509.66203 -1780816.83529  0.00257  0.00604  0.00266 -0.570 -0.627  0.682     -16.3075786409  288.5806357037 4971.47224     0.04542   0.01918   0.05839    0.00180  0.00208  0.00653 -0.295 -0.119 -0.127 orbit
 20210703 115900 59398.4993  1952594.27691 -5808509.66074 -1780816.83466  0.00258  0.00600  0.00266 -0.571 -0.635  0.678     -16.3075786376  288.5806357175 4971.47124     0.04578   0.02066   0.05739    0.00180  0.00208  0.00649 -0.309 -0.122 -0.114 orbit
 20210704 115900 59399.4993  1952594.27414 -5808509.66122 -1780816.83355  0.00259  0.00599  0.00263 -0.579 -0.620  0.671     -16.3075786291  288.5806356915 4971.47051     0.04673   0.01787   0.05666    0.00181  0.00206  0.00648 -0.288 -0.102 -0.104 orbit
 20210705 115900 59400.4993  1952594.27526 -5808509.66383 -1780816.83397  0.00257  0.00604  0.00263 -0.574 -0.614  0.693     -16.3075786256  288.5806356936 4971.47335     0.04712   0.01810   0.05950    0.00176  0.00206  0.00653 -0.260 -0.119 -0.129 orbit
 20210706 115900 59401.4993  1952594.27772 -5808509.66139 -1780816.83562  0.00268  0.00621  0.00279 -0.582 -0.630  0.676     -16.3075786437  288.5806357227 4971.47235     0.04510   0.02121   0.05850    0.00191  0.00212  0.00674 -0.295 -0.132 -0.103 orbit
 20210707 115900 59402.4993  1952594.27551 -5808509.66417 -1780816.83472  0.00261  0.00603  0.00269 -0.578 -0.641  0.686     -16.3075786310  288.5806356948 4971.47394     0.04651   0.01823   0.06009    0.00181  0.00208  0.00654 -0.309 -0.139 -0.103 orbit
 20210708 115900 59403.4993  1952594.27497 -5808509.66374 -1780816.83540  0.00260  0.00615  0.00273 -0.575 -0.646  0.661     -16.3075786384  288.5806356913 4971.47358     0.04570   0.01786   0.05973    0.00189  0.00209  0.00664 -0.342 -0.106 -0.127 orbit
 20210709 115900 59404.4993  1952594.27607 -5808509.66820 -1780816.83649  0.00263  0.00620  0.00270 -0.566 -0.630  0.675     -16.3075786362  288.5806356878 4971.47828     0.04594   0.01748   0.06443    0.00184  0.00213  0.00669 -0.311 -0.102 -0.134 orbit
 20210710 115900 59405.4993  1952594.27556 -5808509.66626 -1780816.83532  0.00271  0.00621  0.00275 -0.577 -0.633  0.704     -16.3075786311  288.5806356891 4971.47603     0.04650   0.01762   0.06218    0.00181  0.00216  0.00675 -0.279 -0.151 -0.101 orbit
 20210711 115900 59406.4993  1952594.27569 -5808509.67074 -1780816.83774  0.00254  0.00591  0.00257 -0.578 -0.628  0.685     -16.3075786412  288.5806356769 4971.48083     0.04538   0.01632   0.06698    0.00173  0.00203  0.00639 -0.289 -0.108 -0.111 orbit
 20210712 115900 59407.4993  1952594.27743 -5808509.66486 -1780816.83431  0.00288  0.00619  0.00271 -0.576 -0.612  0.735     -16.3075786242  288.5806357098 4971.47505     0.04727   0.01983   0.06120    0.00171  0.00227  0.00677 -0.213 -0.172 -0.043 orbit
 20210713 115900 59408.4993  1952594.28010 -5808509.66832 -1780816.83713  0.00300  0.00634  0.00283 -0.599 -0.645  0.726     -16.3075786383  288.5806357232 4971.47980     0.04571   0.02126   0.06595    0.00180  0.00229  0.00697 -0.264 -0.182 -0.003 orbit
 20210714 115900 59409.4993  1952594.27696 -5808509.66826 -1780816.83685  0.00289  0.00641  0.00281 -0.590 -0.635  0.729     -16.3075786385  288.5806356955 4971.47871     0.04568   0.01831   0.06486    0.00178  0.00225  0.00700 -0.250 -0.171 -0.058 orbit
 20210715 115900 59410.4993  1952594.27868 -5808509.66921 -1780816.83964  0.00320  0.00667  0.00308 -0.611 -0.647  0.715     -16.3075786590  288.5806357079 4971.48088     0.04340   0.01963   0.06703    0.00200  0.00241  0.00737 -0.268 -0.196  0.023 orbit
 20210716 115900 59411.4993  1952594.27655 -5808509.66825 -1780816.83940  0.00259  0.00608  0.00266 -0.583 -0.632  0.674     -16.3075786609  288.5806356919 4971.47929     0.04318   0.01792   0.06544    0.00182  0.00206  0.00657 -0.304 -0.101 -0.116 orbit
 20210717 115900 59412.4993  1952594.27529 -5808509.66650 -1780816.83703  0.00256  0.00593  0.00260 -0.584 -0.626  0.696     -16.3075786456  288.5806356859 4971.47665     0.04489   0.01728   0.06280    0.00173  0.00202  0.00643 -0.270 -0.127 -0.105 orbit
 20210718 115900 59413.4993  1952594.27582 -5808509.66609 -1780816.83595  0.00256  0.00590  0.00259 -0.585 -0.629  0.696     -16.3075786368  288.5806356919 4971.47613     0.04587   0.01792   0.06228    0.00172  0.00202  0.00640 -0.274 -0.130 -0.098 orbit
 20210719 115900 59414.4993  1952594.27542 -5808509.66622 -1780816.83753  0.00251  0.00584  0.00256 -0.585 -0.635  0.695     -16.3075786505  288.5806356879 4971.47657     0.04434   0.01749   0.06272    0.00171  0.00198  0.00633 -0.286 -0.132 -0.107 orbit
 20210720 115900 59415.4993  1952594.27678 -5808509.66235 -1780816.83776  0.00259  0.00598  0.00267 -0.577 -0.624  0.672     -16.3075786607  288.5806357115 4971.47353     0.04320   0.02002   0.05968    0.00183  0.00207  0.00648 -0.292 -0.121 -0.104 orbit
 20210721 115900 59416.4993  1952594.27565 -5808509.66470 -1780816.83483  0.00282  0.00615  0.00270 -0.563 -0.605  0.737     -16.3075786306  288.5806356944 4971.47451     0.04656   0.01819   0.06066    0.00170  0.00226  0.00672 -0.207 -0.184 -0.070 orbit
 20210722 115900 59417.4993  1952594.27472 -5808509.66581 -1780816.83605  0.00269  0.00618  0.00270 -0.554 -0.626  0.711     -16.3075786392  288.5806356829 4971.47557     0.04560   0.01697   0.06172    0.00175  0.00220  0.00669 -0.278 -0.152 -0.121 orbit
 20210723 115900 59418.4993  1952594.27556 -5808509.66216 -1780816.83457  0.00283  0.00610  0.00268 -0.559 -0.598  0.739     -16.3075786345  288.5806357012 4971.47209     0.04612   0.01892   0.05824    0.00169  0.00227  0.00666 -0.195 -0.187 -0.063 orbit
 20210724 115900 59419.4993  1952594.28172 -5808509.66820 -1780816.83591  0.00371  0.00728  0.00302 -0.648 -0.585  0.743     -16.3075786266  288.5806357378 4971.47985     0.04700   0.02283   0.06600    0.00191  0.00268  0.00807 -0.075 -0.084  0.107 orbit
 20210725 115900 59420.4993  1952594.27759 -5808509.66538 -1780816.83466  0.00297  0.00635  0.00280 -0.563 -0.611  0.745     -16.3075786259  288.5806357097 4971.47566     0.04708   0.01982   0.06181    0.00174  0.00237  0.00695 -0.210 -0.197 -0.052 orbit
 20210726 115900 59421.4993  1952594.27992 -5808509.66988 -1780816.83678  0.00388  0.00761  0.00329 -0.677 -0.606  0.740     -16.3075786316  288.5806357169 4971.48107     0.04645   0.02059   0.06722    0.00209  0.00271  0.00849 -0.094 -0.124  0.143 orbit
 20210727 115900 59422.4993  1952594.27609 -5808509.66778 -1780816.83765  0.00276  0.00620  0.00277 -0.569 -0.636  0.714     -16.3075786473  288.5806356893 4971.47823     0.04470   0.01764   0.06438    0.00179  0.00221  0.00675 -0.280 -0.175 -0.087 orbit
 20210728 115900 59423.4993  1952594.27531 -5808509.66801 -1780816.83939  0.00287  0.00632  0.00286 -0.549 -0.627  0.690     -16.3075786625  288.5806356816 4971.47870     0.04301   0.01683   0.06485    0.00191  0.00233  0.00687 -0.298 -0.159 -0.083 orbit
 20210729 115900 59424.4993  1952594.27628 -5808509.66764 -1780816.83677  0.00262  0.00597  0.00260 -0.547 -0.614  0.717     -16.3075786398  288.5806356913 4971.47792     0.04554   0.01785   0.06407    0.00168  0.00215  0.00647 -0.256 -0.158 -0.121 orbit
 20210730 115900 59425.4993  1952594.27727 -5808509.66594 -1780816.83777  0.00269  0.00620  0.00276 -0.563 -0.632  0.708     -16.3075786518  288.5806357052 4971.47695     0.04420   0.01934   0.06310    0.00180  0.00217  0.00673 -0.282 -0.166 -0.117 orbit
 20210731 115900 59426.4993  1952594.27540 -5808509.66418 -1780816.83768  0.00264  0.00614  0.00267 -0.545 -0.614  0.717     -16.3075786568  288.5806356938 4971.47476     0.04365   0.01812   0.06091    0.00172  0.00218  0.00664 -0.257 -0.154 -0.141 orbit
 20210801 115900 59427.4993  1952594.27770 -5808509.67008 -1780816.83844  0.00275  0.00633  0.00275 -0.565 -0.621  0.718     -16.3075786473  288.5806356967 4971.48104     0.04470   0.01843   0.06719    0.00177  0.00222  0.00686 -0.254 -0.150 -0.114 orbit
 20210802 115900 59428.4993  1952594.27626 -5808509.66056 -1780816.83591  0.00279  0.00619  0.00272 -0.544 -0.614  0.714     -16.3075786494  288.5806357123 4971.47123     0.04446   0.02010   0.05738    0.00176  0.00228  0.00672 -0.260 -0.159 -0.097 orbit
 20210803 115900 59429.4993  1952594.27519 -5808509.66058 -1780816.83573  0.00268  0.00617  0.00267 -0.559 -0.615  0.725     -16.3075786486  288.5806357026 4971.47087     0.04455   0.01907   0.05702    0.00171  0.00218  0.00669 -0.242 -0.160 -0.121 orbit
 20210804 115900 59430.4993  1952594.27986 -5808509.66797 -1780816.84052  0.00309  0.00669  0.00293 -0.574 -0.611  0.740     -16.3075786687  288.5806357220 4971.48037     0.04232   0.02114   0.06652    0.00184  0.00244  0.00731 -0.206 -0.181 -0.053 orbit
 20210805 115900 59431.4993  1952594.27675 -5808509.66336 -1780816.83730  0.00269  0.00618  0.00268 -0.534 -0.600  0.700     -16.3075786543  288.5806357082 4971.47432     0.04392   0.01967   0.06047    0.00178  0.00224  0.00667 -0.257 -0.131 -0.137 orbit
 20210806 115900 59432.4993  1952594.28034 -5808509.66111 -1780816.83174  0.00362  0.00729  0.00302 -0.635 -0.575  0.738     -16.3075786087  288.5806357467 4971.47181     0.04900   0.02378   0.05796    0.00192  0.00265  0.00804 -0.077 -0.082  0.066 orbit
 20210807 115900 59433.4993  1952594.27829 -5808509.66748 -1780816.83842  0.00297  0.00637  0.00275 -0.546 -0.588  0.741     -16.3075786529  288.5806357096 4971.47884     0.04408   0.01981   0.06499    0.00172  0.00241  0.00694 -0.187 -0.169 -0.071 orbit
 20210808 115900 59434.4993  1952594.28006 -5808509.66802 -1780816.83784  0.00288  0.00630  0.00273 -0.570 -0.612  0.740     -16.3075786451  288.5806357236 4971.47972     0.04494   0.02131   0.06587    0.00171  0.00229  0.00688 -0.212 -0.172 -0.066 orbit
 20210809 115900 59435.4993  1952594.27676 -5808509.66579 -1780816.83866  0.00284  0.00662  0.00285 -0.566 -0.596  0.736     -16.3075786603  288.5806357011 4971.47691     0.04326   0.01890   0.06306    0.00180  0.00230  0.00718 -0.191 -0.163 -0.131 orbit
 20210810 115900 59436.4993  1952594.27780 -5808509.66880 -1780816.83632  0.00353  0.00801  0.00347 -0.599 -0.576  0.776     -16.3075786319  288.5806357013 4971.47931     0.04641   0.01893   0.06546    0.00208  0.00274  0.00877 -0.072 -0.212 -0.086 orbit
 20210811 115900 59437.4993  1952594.27539 -5808509.66360 -1780816.83527  0.00263  0.00600  0.00260 -0.548 -0.596  0.724     -16.3075786373  288.5806356955 4971.47355     0.04581   0.01830   0.05970    0.00167  0.00216  0.00651 -0.218 -0.157 -0.125 orbit
 20210812 115900 59438.4993  1952594.27909 -5808509.66354 -1780816.83729  0.00262  0.00602  0.00262 -0.549 -0.602  0.714     -16.3075786519  288.5806357284 4971.47519     0.04419   0.02182   0.06134    0.00170  0.00215  0.00651 -0.236 -0.149 -0.128 orbit
 20210813 115900 59439.4993  1952594.27882 -5808509.66472 -1780816.83496  0.00273  0.00592  0.00256 -0.531 -0.563  0.747     -16.3075786291  288.5806357225 4971.47553     0.04672   0.02119   0.06168    0.00159  0.00225  0.00644 -0.149 -0.180 -0.095 orbit
 20210814 115900 59440.4993  1952594.28013 -5808509.66814 -1780816.83605  0.00357  0.00828  0.00366 -0.610 -0.582  0.783     -16.3075786292  288.5806357240 4971.47935     0.04671   0.02135   0.06550    0.00218  0.00275  0.00908 -0.060 -0.245 -0.100 orbit
 20210815 115900 59441.4993  1952594.27693 -5808509.66597 -1780816.83700  0.00256  0.00593  0.00256 -0.536 -0.603  0.697     -16.3075786453  288.5806357020 4971.47666     0.04492   0.01901   0.06281    0.00170  0.00213  0.00639 -0.265 -0.121 -0.145 orbit
 20210816 115900 59442.4993  1952594.27433 -5808509.66170 -1780816.83441  0.00285  0.00627  0.00285 -0.588 -0.642  0.654     -16.3075786352  288.5806356917 4971.47125     0.04604   0.01790   0.05740    0.00199  0.00223  0.00683 -0.330 -0.112 -0.042 orbit
 20210817 115900 59443.4993  1952594.27585 -5808509.65972 -1780816.83246  0.00290  0.00609  0.00264 -0.560 -0.609  0.729     -16.3075786218  288.5806357111 4971.46936     0.04754   0.01998   0.05551    0.00167  0.00231  0.00665 -0.225 -0.158 -0.036 orbit
 20210818 115900 59444.4993  1952594.27571 -5808509.65958 -1780816.83174  0.00310  0.00637  0.00280 -0.553 -0.612  0.728     -16.3075786160  288.5806357103 4971.46899     0.04818   0.01989   0.05514    0.00178  0.00248  0.00698 -0.238 -0.171 -0.021 orbit
 20210819 115900 59445.4993  1952594.28352 -5808509.66976 -1780816.83934  0.00412  0.00797  0.00343 -0.673 -0.566  0.714     -16.3075786512  288.5806357491 4971.48278     0.04427   0.02404   0.06893    0.00227  0.00289  0.00887 -0.046 -0.078  0.149 orbit
 20210820 115900 59446.4993  1952594.27859 -5808509.66392 -1780816.83664  0.00289  0.00610  0.00266 -0.560 -0.609  0.728     -16.3075786458  288.5806357229 4971.47520     0.04487   0.02123   0.06135    0.00169  0.00231  0.00666 -0.228 -0.162 -0.040 orbit
 20210821 115900 59447.4993  1952594.27613 -5808509.66431 -1780816.83548  0.00273  0.00622  0.00270 -0.546 -0.621  0.703     -16.3075786368  288.5806356999 4971.47448     0.04587   0.01878   0.06063    0.00177  0.00224  0.00673 -0.283 -0.135 -0.120 orbit
 20210822 115900 59448.4993  1952594.28161 -5808509.66938 -1780816.83610  0.00311  0.00626  0.00276 -0.541 -0.582  0.755     -16.3075786255  288.5806357334 4971.48094     0.04712   0.02235   0.06709    0.00169  0.00251  0.00688 -0.165 -0.206 -0.019 orbit
 20210823 115900 59449.4993  1952594.28085 -5808509.66769 -1780816.83801  0.00368  0.00726  0.00313 -0.659 -0.588  0.734     -16.3075786467  288.5806357317 4971.47971     0.04477   0.02217   0.06586    0.00201  0.00262  0.00807 -0.085 -0.118  0.113 orbit
 20210824 115900 59450.4993  1952594.27704 -5808509.66505 -1780816.83708  0.00278  0.00631  0.00276 -0.572 -0.628  0.719     -16.3075786482  288.5806357058 4971.47588     0.04461   0.01941   0.06203    0.00178  0.00222  0.00686 -0.260 -0.160 -0.095 orbit
 20210825 115900 59451.4993  1952594.28043 -5808509.66760 -1780816.83786  0.00297  0.00626  0.00274 -0.554 -0.603  0.738     -16.3075786460  288.5806357282 4971.47946     0.04485   0.02180   0.06561    0.00172  0.00238  0.00685 -0.212 -0.181 -0.046 orbit
 20210826 115900 59452.4993  1952594.28313 -5808509.66852 -1780816.83812  0.00413  0.00786  0.00331 -0.665 -0.598  0.745     -16.3075786439  288.5806357494 4971.48119     0.04508   0.02407   0.06734    0.00208  0.00293  0.00877 -0.079 -0.097  0.156 orbit
 20210827 115900 59453.4993  1952594.28076 -5808509.66920 -1780816.83827  0.00319  0.00670  0.00293 -0.574 -0.617  0.758     -16.3075786455  288.5806357264 4971.48113     0.04490   0.02161   0.06728    0.00178  0.00250  0.00736 -0.200 -0.206 -0.027 orbit
 20210828 115900 59454.4993  1952594.27926 -5808509.66977 -1780816.83896  0.00303  0.00628  0.00272 -0.558 -0.604  0.735     -16.3075786513  288.5806357114 4971.48138     0.04426   0.02000   0.06753    0.00171  0.00242  0.00687 -0.211 -0.163 -0.026 orbit
 20210829 115900 59455.4993  1952594.27863 -5808509.65154 -1780816.83136  0.00470  0.00862  0.00365 -0.700 -0.603  0.741     -16.3075786298  288.5806357601 4971.46247     0.04665   0.02521   0.04862    0.00232  0.00320  0.00970 -0.051 -0.086  0.232 orbit
 20210830 115900 59456.4993  1952594.27694 -5808509.65532 -1780816.83032  0.00424  0.00799  0.00341 -0.661 -0.587  0.729     -16.3075786130  288.5806357339 4971.46509     0.04852   0.02241   0.05124    0.00220  0.00302  0.00892 -0.080 -0.094  0.161 orbit
 20210831 115900 59457.4993  1952594.27826 -5808509.66137 -1780816.83615  0.00318  0.00651  0.00284 -0.570 -0.607  0.735     -16.3075786479  288.5806357275 4971.47264     0.04463   0.02173   0.05879    0.00179  0.00250  0.00715 -0.208 -0.168 -0.004 orbit
 20210901 115900 59458.4993  1952594.27968 -5808509.65737 -1780816.83335  0.00391  0.00764  0.00313 -0.646 -0.563  0.728     -16.3075786322  288.5806357521 4971.46865     0.04639   0.02435   0.05480    0.00203  0.00283  0.00844 -0.051 -0.048  0.107 orbit
 20210902 115900 59459.4993  1952594.27856 -5808509.66468 -1780816.83605  0.00331  0.00680  0.00299 -0.582 -0.629  0.743     -16.3075786389  288.5806357203 4971.47572     0.04564   0.02096   0.06187    0.00186  0.00257  0.00749 -0.231 -0.189  0.004 orbit
 20210903 115900 59460.4993  1952594.27982 -5808509.66934 -1780816.83679  0.00282  0.00596  0.00254 -0.535 -0.598  0.731     -16.3075786331  288.5806357176 4971.48055     0.04629   0.02067   0.06670    0.00161  0.00231  0.00648 -0.226 -0.148 -0.064 orbit
 20210904 115900 59461.4993  1952594.27754 -5808509.66044 -1780816.83351  0.00345  0.00696  0.00286 -0.612 -0.580  0.729     -16.3075786278  288.5806357239 4971.47084     0.04687   0.02135   0.05699    0.00184  0.00260  0.00764 -0.121 -0.071  0.045 orbit
 20210905 115900 59462.4993  1952594.27690 -5808509.66038 -1780816.83452  0.00402  0.00772  0.00328 -0.659 -0.558  0.726     -16.3075786373  288.5806357184 4971.47086     0.04581   0.02076   0.05701    0.00214  0.00287  0.00859 -0.030 -0.081  0.136 orbit
 20210906 115900 59463.4993  1952594.27672 -5808509.66573 -1780816.83429  0.00299  0.00629  0.00275 -0.536 -0.574  0.739     -16.3075786226  288.5806357009 4971.47562     0.04745   0.01889   0.06177    0.00173  0.00244  0.00686 -0.172 -0.179 -0.063 orbit
 20210907 115900 59464.4993  1952594.28032 -5808509.66587 -1780816.83374  0.00408  0.00775  0.00323 -0.672 -0.590  0.737     -16.3075786146  288.5806357324 4971.47669     0.04834   0.02224   0.06284    0.00206  0.00287  0.00864 -0.061 -0.073  0.166 orbit
 20210908 115900 59465.4993  1952594.28071 -5808509.66829 -1780816.83856  0.00393  0.00780  0.00331 -0.663 -0.594  0.743     -16.3075786502  288.5806357287 4971.48037     0.04438   0.02185   0.06652    0.00209  0.00278  0.00866 -0.079 -0.111  0.113 orbit
 20210909 115900 59466.4993  1952594.27794 -5808509.66205 -1780816.83457  0.00327  0.00677  0.00299 -0.566 -0.599  0.743     -16.3075786329  288.5806357226 4971.47272     0.04631   0.02121   0.05887    0.00187  0.00258  0.00744 -0.188 -0.190 -0.023 orbit
 20210910 115900 59467.4993  1952594.27701 -5808509.66612 -1780816.83759  0.00283  0.00631  0.00275 -0.546 -0.596  0.716     -16.3075786500  288.5806357023 4971.47699     0.04440   0.01904   0.06314    0.00179  0.00231  0.00684 -0.227 -0.151 -0.104 orbit
 20210911 115900 59468.4993  1952594.27566 -5808509.66620 -1780816.83590  0.00273  0.00601  0.00261 -0.546 -0.618  0.704     -16.3075786363  288.5806356901 4971.47617     0.04593   0.01772   0.06232    0.00171  0.00223  0.00652 -0.277 -0.133 -0.087 orbit
 20210912 115900 59469.4993  1952594.27921 -5808509.66659 -1780816.83276  0.00362  0.00713  0.00295 -0.612 -0.552  0.734     -16.3075786052  288.5806357204 4971.47673     0.04939   0.02096   0.06288    0.00189  0.00272  0.00785 -0.061 -0.074  0.061 orbit
 20210913 115900 59470.4993  1952594.27669 -5808509.67448 -1780816.83729  0.00333  0.00723  0.00311 -0.553 -0.571  0.756     -16.3075786276  288.5806356745 4971.48441     0.04690   0.01607   0.07056    0.00191  0.00269  0.00788 -0.136 -0.181 -0.081 orbit
 20210914 115900 59471.4993  1952594.27818 -5808509.67019 -1780816.83608  0.00291  0.00626  0.00271 -0.544 -0.578  0.751     -16.3075786262  288.5806357005 4971.48063     0.04705   0.01885   0.06678    0.00167  0.00237  0.00683 -0.160 -0.184 -0.077 orbit
 20210915 115900 59472.4993  1952594.27635 -5808509.66381 -1780816.83719  0.00320  0.00660  0.00303 -0.593 -0.639  0.718     -16.3075786526  288.5806357033 4971.47457     0.04411   0.01914   0.06072    0.00196  0.00246  0.00729 -0.265 -0.195  0.015 orbit
 20210916 115900 59473.4993  1952594.27883 -5808509.67229 -1780816.83573  0.00316  0.00660  0.00293 -0.561 -0.590  0.754     -16.3075786176  288.5806357000 4971.48264     0.04801   0.01879   0.06879    0.00180  0.00251  0.00725 -0.162 -0.213 -0.036 orbit
 20210917 115900 59474.4993  1952594.28389 -5808509.67699 -1780816.84626  0.00407  0.00836  0.00434 -0.647 -0.706  0.751     -16.3075786935  288.5806357309 4971.49141     0.03956   0.02209   0.07756    0.00273  0.00295  0.00945 -0.325 -0.364  0.082 orbit
 20210918 115900 59475.4993  1952594.27931 -5808509.66482 -1780816.83569  0.00383  0.00761  0.00315 -0.643 -0.569  0.737     -16.3075786348  288.5806357266 4971.47597     0.04609   0.02163   0.06212    0.00201  0.00278  0.00841 -0.058 -0.075  0.087 orbit
 20210919 115900 59476.4993  1952594.27588 -5808509.67124 -1780816.83645  0.00298  0.00674  0.00294 -0.561 -0.610  0.723     -16.3075786287  288.5806356771 4971.48098     0.04677   0.01634   0.06713    0.00188  0.00240  0.00732 -0.231 -0.160 -0.104 orbit
 20210920 115900 59477.4993  1952594.27924 -5808509.67010 -1780816.83500  0.00362  0.00731  0.00307 -0.618 -0.567  0.731     -16.3075786162  288.5806357102 4971.48056     0.04817   0.01988   0.06671    0.00197  0.00271  0.00805 -0.089 -0.091  0.047 orbit
 20210921 115900 59478.4993  1952594.27582 -5808509.66957 -1780816.83712  0.00304  0.00688  0.00298 -0.573 -0.612  0.722     -16.3075786386  288.5806356815 4971.47963     0.04567   0.01681   0.06578    0.00191  0.00242  0.00748 -0.229 -0.147 -0.097 orbit
 20210922 115900 59479.4993  1952594.27893 -5808509.66753 -1780816.83773  0.00312  0.00657  0.00290 -0.574 -0.610  0.711     -16.3075786463  288.5806357151 4971.47890     0.04481   0.02040   0.06505    0.00189  0.00245  0.00719 -0.232 -0.148 -0.024 orbit
 20210923 115900 59480.4993  1952594.27905 -5808509.67101 -1780816.83852  0.00309  0.00682  0.00301 -0.570 -0.619  0.724     -16.3075786447  288.5806357058 4971.48232     0.04500   0.01941   0.06847    0.00193  0.00246  0.00744 -0.239 -0.171 -0.071 orbit
 20210924 115900 59481.4993  1952594.28136 -5808509.67550 -1780816.83530  0.00352  0.00694  0.00308 -0.578 -0.594  0.753     -16.3075786041  288.5806357129 4971.48621     0.04951   0.02016   0.07236    0.00190  0.00274  0.00768 -0.156 -0.204  0.032 orbit
 20210925 115900 59482.4993  1952594.27383 -5808509.66513 -1780816.83590  0.00276  0.00630  0.00267 -0.573 -0.602  0.699     -16.3075786403  288.5806356771 4971.47464     0.04548   0.01634   0.06079    0.00178  0.00221  0.00681 -0.237 -0.095 -0.101 orbit
 20210926 115900 59483.4993  1952594.28164 -5808509.66535 -1780816.83551  0.00379  0.00753  0.00315 -0.651 -0.592  0.729     -16.3075786301  288.5806357456 4971.47712     0.04662   0.02366   0.06327    0.00203  0.00273  0.00834 -0.103 -0.081  0.100 orbit
 20210927 115900 59484.4993  1952594.27927 -5808509.66587 -1780816.83518  0.00307  0.00639  0.00281 -0.569 -0.604  0.725     -16.3075786279  288.5806357231 4971.47677     0.04686   0.02126   0.06292    0.00180  0.00242  0.00701 -0.212 -0.162 -0.022 orbit
 20210928 115900 59485.4993  1952594.28581 -5808509.67144 -1780816.83657  0.00445  0.00808  0.00338 -0.679 -0.585  0.722     -16.3075786212  288.5806357644 4971.48423     0.04760   0.02567   0.07038    0.00221  0.00311  0.00905 -0.055 -0.050  0.215 orbit
 20210929 115900 59486.4993  1952594.27825 -5808509.66594 -1780816.83498  0.00317  0.00677  0.00291 -0.554 -0.586  0.717     -16.3075786268  288.5806357138 4971.47647     0.04698   0.02027   0.06262    0.00189  0.00255  0.00737 -0.201 -0.130 -0.059 orbit
 20210930 115900 59487.4993  1952594.27701 -5808509.66273 -1780816.83246  0.00349  0.00724  0.00294 -0.600 -0.563  0.735     -16.3075786137  288.5806357124 4971.47246     0.04844   0.02011   0.05861    0.00188  0.00267  0.00791 -0.098 -0.069  0.004 orbit
 20211001 115900 59488.4993  1952594.27755 -5808509.66490 -1780816.83341  0.00389  0.00758  0.00317 -0.625 -0.547  0.728     -16.3075786162  288.5806357107 4971.47487     0.04816   0.01993   0.06102    0.00205  0.00288  0.00837 -0.043 -0.073  0.084 orbit
 20211002 115900 59489.4993  1952594.27933 -5808509.66400 -1780816.83263  0.00357  0.00718  0.00292 -0.606 -0.564  0.730     -16.3075786103  288.5806357292 4971.47437     0.04882   0.02190   0.06052    0.00188  0.00270  0.00788 -0.097 -0.055  0.038 orbit
 20211003 115900 59490.4993  1952594.27897 -5808509.66483 -1780816.83453  0.00404  0.00769  0.00318 -0.648 -0.565  0.739     -16.3075786250  288.5806357235 4971.47555     0.04719   0.02130   0.06170    0.00203  0.00291  0.00854 -0.036 -0.068  0.132 orbit
 20211004 115900 59491.4993  1952594.27749 -5808509.66652 -1780816.83751  0.00295  0.00669  0.00284 -0.553 -0.588  0.704     -16.3075786480  288.5806357054 4971.47747     0.04462   0.01936   0.06362    0.00188  0.00240  0.00723 -0.223 -0.105 -0.116 orbit
 20211005 115900 59492.4993  1952594.28196 -5808509.67040 -1780816.83413  0.00402  0.00786  0.00320 -0.643 -0.516  0.717     -16.3075786057  288.5806357334 4971.48142     0.04933   0.02236   0.06757    0.00213  0.00292  0.00867  0.024 -0.019  0.098 orbit
 20211006 115900 59493.4993  1952594.27731 -5808509.66703 -1780816.83682  0.00284  0.00630  0.00275 -0.548 -0.613  0.696     -16.3075786409  288.5806357022 4971.47769     0.04542   0.01902   0.06384    0.00183  0.00231  0.00683 -0.273 -0.128 -0.094 orbit
 20211007 115900 59494.4993  1952594.27908 -5808509.66368 -1780816.83360  0.00387  0.00752  0.00317 -0.638 -0.540  0.732     -16.3075786196  288.5806357279 4971.47428     0.04779   0.02177   0.06043    0.00205  0.00283  0.00833 -0.011 -0.082  0.101 orbit
 20211008 115900 59495.4993  1952594.27967 -5808509.66776 -1780816.83652  0.00289  0.00632  0.00272 -0.566 -0.597  0.717     -16.3075786346  288.5806357210 4971.47899     0.04611   0.02103   0.06514    0.00176  0.00231  0.00687 -0.211 -0.133 -0.068 orbit
 20211009 115900 59496.4993  1952594.27743 -5808509.66950 -1780816.83635  0.00302  0.00690  0.00297 -0.565 -0.590  0.705     -16.3075786308  288.5806356959 4971.47984     0.04654   0.01835   0.06599    0.00196  0.00243  0.00747 -0.214 -0.118 -0.111 orbit
 20211010 115900 59497.4993  1952594.27953 -5808509.66843 -1780816.83533  0.00322  0.00682  0.00294 -0.573 -0.594  0.734     -16.3075786228  288.5806357177 4971.47922     0.04743   0.02068   0.06537    0.00186  0.00254  0.00746 -0.182 -0.152 -0.034 orbit
 20211011 115900 59498.4993  1952594.27784 -5808509.66539 -1780816.83515  0.00314  0.00665  0.00284 -0.556 -0.590  0.723     -16.3075786300  288.5806357118 4971.47589     0.04663   0.02005   0.06204    0.00182  0.00252  0.00725 -0.203 -0.127 -0.049 orbit
 20211012 115900 59499.4993  1952594.28007 -5808509.66612 -1780816.83454  0.00432  0.00837  0.00348 -0.657 -0.540  0.740     -16.3075786211  288.5806357294 4971.47706     0.04762   0.02193   0.06321    0.00224  0.00309  0.00929  0.023 -0.070  0.123 orbit
 20211013 115900 59500.4993  1952594.27752 -5808509.66360 -1780816.83307  0.00402  0.00777  0.00323 -0.651 -0.573  0.730     -16.3075786165  288.5806357143 4971.47358     0.04813   0.02031   0.05973    0.00208  0.00290  0.00862 -0.060 -0.065  0.124 orbit
 20211014 115900 59501.4993  1952594.27610 -5808509.66740 -1780816.83564  0.00307  0.00695  0.00299 -0.571 -0.609  0.708     -16.3075786307  288.5806356904 4971.47732     0.04654   0.01776   0.06347    0.00196  0.00245  0.00754 -0.241 -0.123 -0.097 orbit
 20211015 115900 59502.4993  1952594.27705 -5808509.66587 -1780816.83645  0.00301  0.00672  0.00292 -0.570 -0.612  0.720     -16.3075786407  288.5806357034 4971.47645     0.04544   0.01915   0.06260    0.00188  0.00240  0.00731 -0.232 -0.150 -0.085 orbit
 20211016 115900 59503.4993  1952594.27692 -5808509.66620 -1780816.83862  0.00296  0.00665  0.00293 -0.584 -0.629  0.684     -16.3075786588  288.5806357013 4971.47732     0.04342   0.01892   0.06347    0.00198  0.00233  0.00723 -0.287 -0.118 -0.074 orbit
 20211017 115900 59504.4993  1952594.27895 -5808509.66495 -1780816.83323  0.00401  0.00789  0.00331 -0.665 -0.570  0.748     -16.3075786134  288.5806357230 4971.47529     0.04847   0.02125   0.06144    0.00209  0.00284  0.00877 -0.020 -0.097  0.119 orbit
 20211018 115900 59505.4993  1952594.27876 -5808509.66471 -1780816.83581  0.00292  0.00636  0.00276 -0.546 -0.592  0.708     -16.3075786366  288.5806357220 4971.47574     0.04590   0.02114   0.06189    0.00181  0.00237  0.00691 -0.227 -0.130 -0.083 orbit
 20211019 115900 59506.4993  1952594.27672 -5808509.66555 -1780816.83548  0.00287  0.00635  0.00273 -0.544 -0.595  0.698     -16.3075786333  288.5806357015 4971.47578     0.04626   0.01894   0.06193    0.00181  0.00235  0.00687 -0.246 -0.110 -0.098 orbit
 20211020 115900 59507.4993  1952594.27831 -5808509.67010 -1780816.83832  0.00293  0.00643  0.00280 -0.548 -0.587  0.693     -16.3075786457  288.5806357019 4971.48121     0.04488   0.01899   0.06736    0.00188  0.00238  0.00697 -0.232 -0.118 -0.087 orbit
 20211021 115900 59508.4993  1952594.27793 -5808509.66439 -1780816.83695  0.00281  0.00634  0.00270 -0.566 -0.605  0.682     -16.3075786479  288.5806357156 4971.47551     0.04464   0.02045   0.06166    0.00183  0.00225  0.00685 -0.263 -0.081 -0.097 orbit
 20211022 115900 59509.4993  1952594.27803 -5808509.66876 -1780816.83791  0.00295  0.00651  0.00284 -0.569 -0.621  0.690     -16.3075786456  288.5806357035 4971.47979     0.04489   0.01916   0.06594    0.00190  0.00235  0.00707 -0.278 -0.117 -0.069 orbit
 20211023 115900 59510.4993  1952594.27855 -5808509.67021 -1780816.83778  0.00333  0.00677  0.00294 -0.543 -0.571  0.720     -16.3075786406  288.5806357037 4971.48123     0.04545   0.01919   0.06738    0.00190  0.00269  0.00740 -0.178 -0.139 -0.025 orbit
 20211024 115900 59511.4993  1952594.28068 -5808509.66810 -1780816.83736  0.00375  0.00733  0.00307 -0.615 -0.557  0.727     -16.3075786403  288.5806357289 4971.47984     0.04549   0.02187   0.06599    0.00199  0.00281  0.00808 -0.074 -0.078  0.074 orbit
 20211025 115900 59512.4993  1952594.28324 -5808509.66714 -1780816.83919  0.00415  0.00779  0.00324 -0.647 -0.555  0.724     -16.3075786564  288.5806357545 4971.48026     0.04369   0.02461   0.06641    0.00212  0.00300  0.00865 -0.034 -0.053  0.145 orbit
 20211026 115900 59513.4993  1952594.27569 -5808509.66232 -1780816.83722  0.00276  0.00629  0.00267 -0.552 -0.581  0.679     -16.3075786570  288.5806357020 4971.47302     0.04362   0.01900   0.05917    0.00182  0.00225  0.00677 -0.237 -0.071 -0.121 orbit
 20211027 115900 59514.4993  1952594.27422 -5808509.66409 -1780816.83501  0.00293  0.00647  0.00285 -0.556 -0.596  0.681     -16.3075786348  288.5806356836 4971.47356     0.04609   0.01704   0.05971    0.00194  0.00236  0.00701 -0.251 -0.113 -0.084 orbit
 20211028 115900 59515.4993  1952594.27606 -5808509.66701 -1780816.83557  0.00299  0.00666  0.00285 -0.562 -0.603  0.692     -16.3075786311  288.5806356913 4971.47694     0.04650   0.01785   0.06309    0.00191  0.00240  0.00721 -0.252 -0.098 -0.087 orbit
 20211029 115900 59516.4993  1952594.27643 -5808509.66743 -1780816.83753  0.00312  0.00705  0.00305 -0.556 -0.601  0.689     -16.3075786468  288.5806356932 4971.47798     0.04476   0.01806   0.06413    0.00205  0.00253  0.00762 -0.254 -0.107 -0.107 orbit
 20211030 115900 59517.4993  1952594.28063 -5808509.66565 -1780816.83792  0.00413  0.00795  0.00332 -0.640 -0.555  0.727     -16.3075786511  288.5806357357 4971.47776     0.04428   0.02261   0.06391    0.00216  0.00301  0.00881 -0.042 -0.068  0.115 orbit
 20211031 115900 59518.4993  1952594.27645 -5808509.66798 -1780816.83513  0.00315  0.00673  0.00303 -0.552 -0.618  0.684     -16.3075786247  288.5806356918 4971.47782     0.04722   0.01791   0.06397    0.00204  0.00254  0.00733 -0.286 -0.144 -0.052 orbit
 20211101 115900 59519.4993  1952594.27770 -5808509.65961 -1780816.83556  0.00401  0.00801  0.00336 -0.642 -0.568  0.736     -16.3075786475  288.5806357278 4971.47070     0.04468   0.02176   0.05685    0.00215  0.00291  0.00885 -0.060 -0.089  0.081 orbit
 20211102 115900 59520.4993  1952594.27900 -5808509.67028 -1780816.83999  0.00315  0.00692  0.00302 -0.535 -0.587  0.696     -16.3075786592  288.5806357076 4971.48206     0.04337   0.01960   0.06821    0.00201  0.00259  0.00749 -0.237 -0.127 -0.100 orbit
 20211103 115900 59521.4993  1952594.27418 -5808509.66754 -1780816.83583  0.00303  0.00677  0.00289 -0.545 -0.590  0.691     -16.3075786336  288.5806356730 4971.47692     0.04623   0.01590   0.06307    0.00194  0.00248  0.00731 -0.244 -0.094 -0.106 orbit
 20211104 115900 59522.4993  1952594.27665 -5808509.66848 -1780816.83641  0.00338  0.00693  0.00299 -0.551 -0.561  0.727     -16.3075786344  288.5806356921 4971.47869     0.04614   0.01794   0.06484    0.00192  0.00271  0.00757 -0.148 -0.141 -0.027 orbit
 20211105 115900 59523.4993  1952594.27679 -5808509.66988 -1780816.83905  0.00384  0.00768  0.00322 -0.603 -0.557  0.724     -16.3075786538  288.5806356892 4971.48075     0.04397   0.01763   0.06690    0.00209  0.00292  0.00844 -0.093 -0.083  0.042 orbit
 20211106 115900 59524.4993  1952594.27853 -5808509.66986 -1780816.84046  0.00314  0.00693  0.00302 -0.541 -0.589  0.674     -16.3075786647  288.5806357047 4971.48166     0.04276   0.01929   0.06781    0.00207  0.00257  0.00749 -0.257 -0.099 -0.097 orbit
 20211107 115900 59525.4993  1952594.27931 -5808509.66278 -1780816.83770  0.00387  0.00768  0.00321 -0.615 -0.544  0.708     -16.3075786571  288.5806357326 4971.47468     0.04361   0.02227   0.06083    0.00214  0.00290  0.00845 -0.073 -0.055  0.060 orbit
 20211108 115900 59526.4993  1952594.27929 -5808509.67589 -1780816.83976  0.00550  0.01223  0.00543 -0.646 -0.611  0.774     -16.3075786435  288.5806356934 4971.48718     0.04513   0.01808   0.07333    0.00327  0.00401  0.01351 -0.098 -0.228 -0.020 orbit
 20211109 115900 59527.4993  1952594.27783 -5808509.66195 -1780816.83367  0.00385  0.00770  0.00317 -0.595 -0.558  0.723     -16.3075786254  288.5806357220 4971.47235     0.04714   0.02114   0.05850    0.00206  0.00295  0.00844 -0.103 -0.064  0.033 orbit
 20211110 115900 59528.4993  1952594.27783 -5808509.66857 -1780816.83764  0.00294  0.00675  0.00292 -0.516 -0.625  0.676     -16.3075786439  288.5806357023 4971.47948     0.04508   0.01903   0.06563    0.00198  0.00249  0.00725 -0.332 -0.107 -0.146 orbit
 20211111 115900 59529.4993  1952594.27709 -5808509.66901 -1780816.83647  0.00287  0.00648  0.00275 -0.481 -0.590  0.690     -16.3075786333  288.5806356944 4971.47932     0.04626   0.01819   0.06547    0.00183  0.00250  0.00694 -0.291 -0.104 -0.161 orbit
 20211112 115900 59530.4993  1952594.27639 -5808509.67280 -1780816.83438  0.00315  0.00693  0.00302 -0.503 -0.548  0.735     -16.3075786066  288.5806356770 4971.48197     0.04923   0.01633   0.06812    0.00192  0.00268  0.00750 -0.158 -0.179 -0.131 orbit
 20211113 115900 59531.4993  1952594.27562 -5808509.67512 -1780816.83807  0.00294  0.00673  0.00291 -0.562 -0.617  0.700     -16.3075786336  288.5806356631 4971.48488     0.04623   0.01485   0.07103    0.00192  0.00238  0.00728 -0.269 -0.122 -0.111 orbit
 20211114 115900 59532.4993  1952594.28152 -5808509.67333 -1780816.83728  0.00390  0.00741  0.00344 -0.544 -0.624  0.740     -16.3075786264  288.5806357208 4971.48484     0.04703   0.02101   0.07099    0.00214  0.00312  0.00822 -0.253 -0.246  0.041 orbit
 20211115 115900 59533.4993  1952594.28285 -5808509.67515 -1780816.83897  0.00408  0.00759  0.00318 -0.648 -0.586  0.735     -16.3075786355  288.5806357271 4971.48738     0.04601   0.02169   0.07353    0.00203  0.00295  0.00846 -0.080 -0.082  0.158 orbit
 20211116 115900 59534.4993  1952594.27518 -5808509.66630 -1780816.83410  0.00305  0.00670  0.00291 -0.533 -0.609  0.723     -16.3075786208  288.5806356855 4971.47560     0.04765   0.01724   0.06175    0.00186  0.00252  0.00727 -0.254 -0.160 -0.098 orbit
 20211117 115900 59535.4993  1952594.27497 -5808509.66624 -1780816.83835  0.00301  0.00664  0.00287 -0.557 -0.607  0.706     -16.3075786580  288.5806356839 4971.47668     0.04351   0.01706   0.06283    0.00188  0.00243  0.00720 -0.247 -0.128 -0.082 orbit
 20211118 115900 59536.4993  1952594.27976 -5808509.67007 -1780816.83803  0.00383  0.00757  0.00316 -0.604 -0.532  0.724     -16.3075786421  288.5806357149 4971.48154     0.04528   0.02038   0.06769    0.00206  0.00290  0.00832 -0.044 -0.072  0.049 orbit
 20211119 115900 59537.4993  1952594.27723 -5808509.66858 -1780816.83643  0.00288  0.00656  0.00279 -0.543 -0.595  0.720     -16.3075786338  288.5806356969 4971.47897     0.04620   0.01846   0.06512    0.00180  0.00237  0.00709 -0.226 -0.131 -0.126 orbit
 20211120 115900 59538.4993  1952594.27722 -5808509.66629 -1780816.83430  0.00371  0.00752  0.00307 -0.608 -0.567  0.741     -16.3075786210  288.5806357037 4971.47628     0.04763   0.01918   0.06243    0.00194  0.00280  0.00826 -0.088 -0.074  0.031 orbit
 20211121 115900 59539.4993  1952594.27632 -5808509.66948 -1780816.83683  0.00449  0.00828  0.00345 -0.663 -0.587  0.744     -16.3075786359  288.5806356862 4971.47962     0.04597   0.01731   0.06577    0.00218  0.00319  0.00926 -0.054 -0.078  0.181 orbit
 20211122 115900 59540.4993  1952594.27584 -5808509.66503 -1780816.83597  0.00372  0.00748  0.00310 -0.620 -0.570  0.730     -16.3075786395  288.5806356952 4971.47518     0.04557   0.01827   0.06133    0.00199  0.00277  0.00822 -0.095 -0.076  0.053 orbit
 20211123 115900 59541.4993  1952594.27820 -5808509.66981 -1780816.83756  0.00416  0.00815  0.00335 -0.628 -0.594  0.729     -16.3075786399  288.5806357018 4971.48069     0.04552   0.01898   0.06684    0.00214  0.00307  0.00899 -0.129 -0.065  0.089 orbit
 20211124 115900 59542.4993  1952594.27300 -5808509.66986 -1780816.83750  0.00309  0.00706  0.00308 -0.556 -0.625  0.652     -16.3075786435  288.5806356557 4971.47913     0.04513   0.01405   0.06528    0.00216  0.00251  0.00761 -0.327 -0.079 -0.110 orbit
 20211126 115900 59544.4993  1952594.27331 -5808509.66755 -1780816.84028  0.00301  0.00682  0.00293 -0.548 -0.610  0.642     -16.3075786729  288.5806356652 4971.47791     0.04185   0.01507   0.06406    0.00208  0.00246  0.00733 -0.316 -0.051 -0.110 orbit
 20211127 115900 59545.4993  1952594.27705 -5808509.66735 -1780816.83703  0.00299  0.00668  0.00294 -0.566 -0.626  0.671     -16.3075786422  288.5806356990 4971.47796     0.04527   0.01868   0.06411    0.00201  0.00239  0.00724 -0.304 -0.104 -0.082 orbit
 20211128 115900 59546.4993  1952594.27928 -5808509.67157 -1780816.83873  0.00326  0.00712  0.00314 -0.529 -0.595  0.687     -16.3075786450  288.5806357062 4971.48296     0.04496   0.01945   0.06911    0.00211  0.00270  0.00771 -0.262 -0.129 -0.095 orbit
 20211129 115900 59547.4993  1952594.27817 -5808509.66244 -1780816.83793  0.00353  0.00729  0.00329 -0.568 -0.623  0.674     -16.3075786609  288.5806357235 4971.47409     0.04319   0.02130   0.06024    0.00225  0.00279  0.00798 -0.292 -0.127 -0.006 orbit
 20211130 115900 59548.4993  1952594.28272 -5808509.66743 -1780816.83676  0.00401  0.00785  0.00342 -0.605 -0.542  0.723     -16.3075786351  288.5806357490 4971.47969     0.04606   0.02403   0.06584    0.00223  0.00303  0.00868 -0.062 -0.120  0.060 orbit
 20211201 115900 59549.4993  1952594.27584 -5808509.66646 -1780816.83973  0.00361  0.00773  0.00345 -0.663 -0.641  0.680     -16.3075786687  288.5806356909 4971.47754     0.04232   0.01781   0.06369    0.00235  0.00257  0.00851 -0.255 -0.105  0.053 orbit
 20211202 115900 59550.4993  1952594.27806 -5808509.66477 -1780816.83806  0.00299  0.00666  0.00294 -0.537 -0.593  0.688     -16.3075786565  288.5806357157 4971.47621     0.04368   0.02046   0.06236    0.00198  0.00247  0.00721 -0.251 -0.129 -0.107 orbit
 20211203 115900 59551.4993  1952594.27405 -5808509.67045 -1780816.83927  0.00305  0.00687  0.00297 -0.516 -0.582  0.686     -16.3075786565  288.5806356631 4971.48049     0.04367   0.01485   0.06664    0.00200  0.00257  0.00739 -0.253 -0.109 -0.135 orbit
 20211204 115900 59552.4993  1952594.27589 -5808509.66596 -1780816.83688  0.00293  0.00656  0.00282 -0.542 -0.607  0.689     -16.3075786452  288.5806356928 4971.47630     0.04494   0.01802   0.06245    0.00189  0.00240  0.00709 -0.276 -0.104 -0.109 orbit
 20211205 115900 59553.4993  1952594.27954 -5808509.66843 -1780816.84055  0.00318  0.00693  0.00304 -0.539 -0.598  0.696     -16.3075786680  288.5806357178 4971.48069     0.04239   0.02069   0.06684    0.00202  0.00261  0.00752 -0.252 -0.132 -0.085 orbit
 20211206 115900 59554.4993  1952594.27455 -5808509.66275 -1780816.83841  0.00306  0.00692  0.00297 -0.567 -0.601  0.660     -16.3075786672  288.5806356906 4971.47340     0.04249   0.01778   0.05955    0.00208  0.00246  0.00747 -0.274 -0.062 -0.095 orbit
 20211207 115900 59555.4993  1952594.27333 -5808509.66756 -1780816.83817  0.00296  0.00688  0.00289 -0.535 -0.600  0.674     -16.3075786545  288.5806356654 4971.47733     0.04390   0.01509   0.06348    0.00198  0.00247  0.00738 -0.287 -0.067 -0.147 orbit
 20211208 115900 59556.4993  1952594.27721 -5808509.67140 -1780816.84025  0.00298  0.00672  0.00290 -0.562 -0.623  0.651     -16.3075786602  288.5806356883 4971.48260     0.04326   0.01754   0.06875    0.00204  0.00240  0.00725 -0.322 -0.062 -0.094 orbit
 20211209 115900 59557.4993  1952594.27938 -5808509.67884 -1780816.84203  0.00322  0.00725  0.00318 -0.572 -0.622  0.685     -16.3075786560  288.5806356854 4971.49053     0.04373   0.01723   0.07668    0.00214  0.00256  0.00786 -0.282 -0.115 -0.086 orbit
 20211210 115900 59558.4993  1952594.27889 -5808509.66883 -1780816.83752  0.00337  0.00760  0.00322 -0.565 -0.593  0.735     -16.3075786413  288.5806357109 4971.48000     0.04536   0.01995   0.06615    0.00203  0.00271  0.00824 -0.190 -0.139 -0.102 orbit
 20211211 115900 59559.4993  1952594.27683 -5808509.67033 -1780816.83834  0.00307  0.00708  0.00302 -0.537 -0.587  0.705     -16.3075786465  288.5806356882 4971.48097     0.04479   0.01752   0.06712    0.00199  0.00255  0.00763 -0.232 -0.117 -0.142 orbit
 20211212 115900 59560.4993  1952594.27777 -5808509.66690 -1780816.83704  0.00332  0.00760  0.00326 -0.531 -0.582  0.736     -16.3075786427  288.5806357067 4971.47777     0.04521   0.01951   0.06392    0.00205  0.00277  0.00822 -0.196 -0.163 -0.143 orbit
 20211213 115900 59561.4993  1952594.27899 -5808509.66444 -1780816.83558  0.00320  0.00717  0.00306 -0.525 -0.585  0.716     -16.3075786350  288.5806357248 4971.47550     0.04607   0.02144   0.06165    0.00198  0.00267  0.00774 -0.227 -0.132 -0.126 orbit
 20211214 115900 59562.4993  1952594.27969 -5808509.67752 -1780816.84071  0.00303  0.00692  0.00292 -0.559 -0.597  0.706     -16.3075786475  288.5806356921 4971.48905     0.04468   0.01794   0.07520    0.00192  0.00245  0.00748 -0.232 -0.101 -0.117 orbit
 20211215 115900 59563.4993  1952594.28054 -5808509.67339 -1780816.83930  0.00313  0.00710  0.00307 -0.518 -0.578  0.714     -16.3075786445  288.5806357120 4971.48516     0.04501   0.02006   0.07131    0.00199  0.00264  0.00766 -0.220 -0.144 -0.143 orbit
 20211216 115900 59564.4993  1952594.27746 -5808509.67240 -1780816.83854  0.00289  0.00666  0.00282 -0.524 -0.576  0.696     -16.3075786428  288.5806356876 4971.48310     0.04521   0.01746   0.06925    0.00188  0.00243  0.00716 -0.233 -0.097 -0.152 orbit
 20211217 115900 59565.4993  1952594.27653 -5808509.66904 -1780816.84171  0.00332  0.00720  0.00340 -0.621 -0.588  0.543     -16.3075786791  288.5806356893 4971.48065     0.04116   0.01765   0.06680    0.00268  0.00249  0.00781 -0.317 -0.015  0.003 orbit
 20211218 115900 59566.4993  1952594.27955 -5808509.66910 -1780816.83655  0.00296  0.00668  0.00286 -0.530 -0.576  0.725     -16.3075786317  288.5806357159 4971.48018     0.04643   0.02049   0.06633    0.00183  0.00246  0.00722 -0.198 -0.143 -0.132 orbit
 20211219 115900 59567.4993  1952594.27723 -5808509.66375 -1780816.83482  0.00308  0.00681  0.00291 -0.506 -0.559  0.723     -16.3075786315  288.5806357113 4971.47412     0.04646   0.02000   0.06027    0.00187  0.00261  0.00735 -0.191 -0.142 -0.133 orbit
 20211220 115900 59568.4993  1952594.27742 -5808509.66260 -1780816.83486  0.00280  0.00637  0.00271 -0.524 -0.576  0.712     -16.3075786344  288.5806357164 4971.47314     0.04613   0.02054   0.05929    0.00177  0.00235  0.00686 -0.216 -0.122 -0.140 orbit
 20211221 115900 59569.4993  1952594.27965 -5808509.66951 -1780816.84637  0.00473  0.01046  0.00634 -0.685 -0.620  0.715     -16.3075787158  288.5806357156 4971.48334     0.03708   0.02045   0.06949    0.00439  0.00328  0.01192 -0.155 -0.407  0.036 orbit
 20211222 115900 59570.4993  1952594.27997 -5808509.66569 -1780816.84053  0.00367  0.00751  0.00362 -0.627 -0.647  0.590     -16.3075786741  288.5806357298 4971.47833     0.04171   0.02198   0.06448    0.00271  0.00272  0.00826 -0.365 -0.086  0.071 orbit
 20211223 115900 59571.4993  1952594.27941 -5808509.66388 -1780816.84158  0.00343  0.00733  0.00343 -0.636 -0.609  0.547     -16.3075786881  288.5806357302 4971.47680     0.04016   0.02201   0.06295    0.00269  0.00252  0.00798 -0.338 -0.010  0.036 orbit
 20211224 115900 59572.4993  1952594.27885 -5808509.66885 -1780816.83810  0.00304  0.00704  0.00299 -0.520 -0.584  0.688     -16.3075786464  288.5806357105 4971.48018     0.04480   0.01991   0.06633    0.00201  0.00257  0.00756 -0.257 -0.093 -0.157 orbit
 20211225 115900 59573.4993  1952594.27366 -5808509.66001 -1780816.83362  0.00341  0.00747  0.00326 -0.590 -0.630  0.654     -16.3075786330  288.5806356908 4971.46929     0.04629   0.01781   0.05544    0.00229  0.00266  0.00811 -0.310 -0.071 -0.039 orbit
 20211226 115900 59574.4993  1952594.28170 -5808509.66746 -1780816.83804  0.00301  0.00689  0.00297 -0.514 -0.595  0.687     -16.3075786469  288.5806357399 4971.47976     0.04474   0.02305   0.06591    0.00200  0.00256  0.00740 -0.275 -0.112 -0.147 orbit
 20211227 115900 59575.4993  1952594.28051 -5808509.67302 -1780816.83879  0.00318  0.00729  0.00309 -0.531 -0.599  0.690     -16.3075786410  288.5806357128 4971.48467     0.04541   0.02015   0.07082    0.00207  0.00265  0.00784 -0.270 -0.095 -0.139 orbit
 20211228 115900 59576.4993  1952594.28053 -5808509.66278 -1780816.83504  0.00310  0.00720  0.00303 -0.521 -0.579  0.710     -16.3075786331  288.5806357435 4971.47430     0.04628   0.02343   0.06045    0.00198  0.00263  0.00774 -0.228 -0.111 -0.161 orbit
