2021-09-25, DOY=268, TOD=10:33:42, SOD =  38022
268 38022 406471559494      27988862    0.000000   0.000000             0
268 38022 606426234976      27988802    0.000000   0.000000             0
268 38023 006591936981    4515495679    0.000000   0.000000             0
268 38023 606863181209      27988883    0.000000   0.000000             0
268 38023 806462908251      27988839    0.000000   0.000000             0
268 38024 006060430860    4515016006    0.000000   0.000000             0
268 38024 406457144505      27988758    0.000000   0.000000             0
268 38024 606091049245      27988922    0.000000   0.000000             0
268 38025 006749873908      27988885    0.000000   0.000000             0
268 38025 406721854073    4514182390    0.000000   0.000000             0
268 38025 606655229363      27988803    0.000000   0.000000             0
268 38025 806435162885    4514022103    0.000000   0.000000             0
268 38026 006121114842      27981764    0.000000   0.000000             0
268 38026 206098772607      27988845    0.000000   0.000000             0
268 38026 406613839361      27988800    0.000000   0.000000             0
268 38026 606434878726      27988932    0.000000   0.000000             0
268 38026 806251719921    4513860691    0.000000   0.000000             0
268 38027 006364030967    4513918997    0.000000   0.000000             0
268 38027 205833896332      27988600    0.000000   0.000000             0
268 38027 406631390266      27988794    0.000000   0.000000             0
268 38027 606670512061    4513570274    0.000000   0.000000             0
268 38027 806740028340    4512789484    0.000000   0.000000             0
268 38028 006573774655    4513972881    0.000000   0.000000             0
268 38028 206344398124    4512343273    0.000000   0.000000             0
268 38028 406114055178      27988770    0.000000   0.000000             0
268 38028 605941988579      27988952    0.000000   0.000000             0
268 38028 805704486615      27988868    0.000000   0.000000             0
268 38029 206809077084      27988946    0.000000   0.000000             0
268 38029 406625549833      27988566    0.000000   0.000000             0
268 38029 606450048814    4513487166    0.000000   0.000000             0
268 38029 806308733874      27988886    0.000000   0.000000             0
268 38030 006166917025      27988960    0.000000   0.000000             0
268 38030 206384330020    4512808897    0.000000   0.000000             0
268 38030 406028482648    4513150038    0.000000   0.000000             0
268 38030 606539542445      27989021    0.000000   0.000000             0
268 38030 806486377936      27988940    0.000000   0.000000             0
268 38031 006566868600      27988953    0.000000   0.000000             0
268 38031 206297147000      27988865    0.000000   0.000000             0
268 38031 406381713299    4514832829    0.000000   0.000000             0
268 38031 606660790931      27988840    0.000000   0.000000             0
268 38031 806244559200    4514723995    0.000000   0.000000             0
268 38032 005425094983      27988737    0.000000   0.000000             0
268 38032 206315801217      27988794    0.000000   0.000000             0
268 38032 406645107039      27988807    0.000000   0.000000             0
268 38032 606500245136      27988921    0.000000   0.000000             0
268 38032 806358480739      27988684    0.000000   0.000000             0
268 38033 006864085204    4514479102    0.000000   0.000000             0
268 38033 206770889876    4513093032    0.000000   0.000000             0
268 38033 406523867037    4513679919    0.000000   0.000000             0
268 38033 606286293041    4513942956    0.000000   0.000000             0
268 38033 806543417944      27988755    0.000000   0.000000             0
268 38034 006419802798    4514028764    0.000000   0.000000             0
268 38034 206735259562    4513565602    0.000000   0.000000             0
268 38034 406876163965    4513454270    0.000000   0.000000             0
268 38034 606898112979    4513068507    0.000000   0.000000             0
268 38034 806640033858    4512857903    0.000000   0.000000             0
268 38035 006276760178    4513688052    0.000000   0.000000             0
268 38035 205915816332    4512896021    0.000000   0.000000             0
268 38035 406677980201    4512701725    0.000000   0.000000             0
268 38035 606662154169    4512665537    0.000000   0.000000             0
268 38035 806641048897      27988862    0.000000   0.000000             0
268 38036 006571387334    4513234299    0.000000   0.000000             0
268 38036 206494546946    4512187015    0.000000   0.000000             0
268 38036 406416938917    4512302149    0.000000   0.000000             0
268 38036 606563687848    4512193505    0.000000   0.000000             0
268 38036 806920394061    4512391341    0.000000   0.000000             0
268 38037 006611916397      27988591    0.000000   0.000000             0
268 38037 206302120176    4511629341    0.000000   0.000000             0
268 38037 406638530498    4512656997    0.000000   0.000000             0
268 38037 606397398231    4512164696    0.000000   0.000000             0
268 38037 805961785969    4512047449    0.000000   0.000000             0
268 38038 005447975927    4512659148    0.000000   0.000000             0
268 38038 206254147313      27988929    0.000000   0.000000             0
268 38038 406406125578      27988893    0.000000   0.000000             0
268 38038 606706535902    4512262708    0.000000   0.000000             0
268 38038 806704621878      27988730    0.000000   0.000000             0
268 38039 006710863330    4513666990    0.000000   0.000000             0
268 38039 206871766939    4512266066    0.000000   0.000000             0
268 38039 406657878870    4512761932    0.000000   0.000000             0
268 38039 606597208498    4512343092    0.000000   0.000000             0
268 38039 806793924246    4512644533    0.000000   0.000000             0
268 38040 006528771693    4512968544    0.000000   0.000000             0
268 38040 206552392694      27988784    0.000000   0.000000             0
268 38040 406115639104    4512482879    0.000000   0.000000             0
268 38040 606795558313    4513528001    0.000000   0.000000             0
268 38040 806657995694      27988958    0.000000   0.000000             0
268 38041 006526477198    4513804332    0.000000   0.000000             0
268 38041 206419064642      27988725    0.000000   0.000000             0
268 38041 406500034733    4513902622    0.000000   0.000000             0
268 38041 606437679075    4514056361    0.000000   0.000000             0
268 38041 806514779484    4514102414    0.000000   0.000000             0
268 38042 006344311834      27988759    0.000000   0.000000             0
268 38042 206764978786    4514911543    0.000000   0.000000             0
268 38042 406784024999    4514422205    0.000000   0.000000             0
268 38042 606722102202    4515232279    0.000000   0.000000             0
268 38042 806562944694    4514686613    0.000000   0.000000             0
268 38043 006424068932      27988353    0.000000   0.000000             0
268 38043 205975400699      27988601    0.000000   0.000000             0
268 38043 406252692934      27988614    0.000000   0.000000             0
268 38043 606102658014      27988544    0.000000   0.000000             0
268 38043 806489596682      27988674    0.000000   0.000000             0
268 38044 006533156709      27988522    0.000000   0.000000             0
268 38044 206251413496      27988650    0.000000   0.000000             0
268 38044 405974663910      27988655    0.000000   0.000000             0
268 38044 606394053597      27988597    0.000000   0.000000             0
268 38044 806271163980      27988676    0.000000   0.000000             0
268 38045 006705596366      27988535    0.000000   0.000000             0
268 38045 206864151100    4513633837    0.000000   0.000000             0
268 38045 406777469216    4513264003    0.000000   0.000000             0
268 38045 606563528025    4513355489    0.000000   0.000000             0
268 38045 805872877885    4513343640    0.000000   0.000000             0
268 38046 005178690248    4514073211    0.000000   0.000000             0
268 38046 206578760975      27988700    0.000000   0.000000             0
268 38046 406565586214    4512868160    0.000000   0.000000             0
268 38046 606563000874      27988727    0.000000   0.000000             0
268 38046 806534234900    4512408270    0.000000   0.000000             0
268 38047 006525274948    4513008895    0.000000   0.000000             0
268 38047 206704609744      27988774    0.000000   0.000000             0
268 38047 406737618723      27988784    0.000000   0.000000             0
268 38047 606641132268    4512651203    0.000000   0.000000             0
268 38047 806746114817      27988546    0.000000   0.000000             0
268 38048 006486180871      27988360    0.000000   0.000000             0
268 38048 206712144842    4512887715    0.000000   0.000000             0
268 38048 406521584773    4512354776    0.000000   0.000000             0
268 38048 606618949438      27988524    0.000000   0.000000             0
268 38048 806254602401    4512380400    0.000000   0.000000             0
268 38049 006637483835    4513936680    0.000000   0.000000             0
268 38049 206467824719    4512827705    0.000000   0.000000             0
268 38049 406395083919    4513360434    0.000000   0.000000             0
268 38049 606218496469      27988616    0.000000   0.000000             0
268 38049 805914203593    4512543035    0.000000   0.000000             0
268 38050 006223343007    4514419497    0.000000   0.000000             0
268 38050 206637181051    4514204307    0.000000   0.000000             0
268 38050 406511904039      27988805    0.000000   0.000000             0
268 38050 606231383266      27988766    0.000000   0.000000             0
268 38050 805933967597    4513678556    0.000000   0.000000             0
268 38051 006793872431    4515409953    0.000000   0.000000             0
268 38051 206875897413      27988786    0.000000   0.000000             0
268 38051 406697447863      27988628    0.000000   0.000000             0
268 38051 606522025228      27988774    0.000000   0.000000             0
268 38051 806387277953      27988834    0.000000   0.000000             0
268 38052 006630940508      27988324    0.000000   0.000000             0
268 38052 206397566413      27988634    0.000000   0.000000             0
268 38052 406169881426      27988212    0.000000   0.000000             0
268 38052 606314626049      27988413    0.000000   0.000000             0
268 38052 806664095362      27988821    0.000000   0.000000             0
268 38053 006877719883    4514017354    0.000000   0.000000             0
268 38053 206967434184    4513149422    0.000000   0.000000             0
268 38053 406607461962    4514153457    0.000000   0.000000             0
268 38053 606252607060      27988721    0.000000   0.000000             0
268 38053 806769290139    4513892957    0.000000   0.000000             0
268 38054 006657180296      27988853    0.000000   0.000000             0
268 38054 206590411872    4513720815    0.000000   0.000000             0
268 38054 406623868395      27988760    0.000000   0.000000             0
268 38054 606427832005    4514314222    0.000000   0.000000             0
268 38054 806234036158    4513780519    0.000000   0.000000             0
268 38055 006451309397      27988520    0.000000   0.000000             0
268 38055 206573809337      27988693    0.000000   0.000000             0
268 38055 406464584565      27988617    0.000000   0.000000             0
268 38055 606307355753      27988831    0.000000   0.000000             0
268 38055 806775755387      27988784    0.000000   0.000000             0
268 38056 006580797548    4513643535    0.000000   0.000000             0
268 38056 206268930735    4511708967    0.000000   0.000000             0
268 38056 406267273924    4511998928    0.000000   0.000000             0
268 38056 606619193633    4512445673    0.000000   0.000000             0
268 38056 806570583292      27988817    0.000000   0.000000             0
268 38057 006339803513      27988451    0.000000   0.000000             0
268 38057 206110910527    4511526246    0.000000   0.000000             0
268 38057 406333765000      27988893    0.000000   0.000000             0
268 38057 606139872711    4511512324    0.000000   0.000000             0
268 38057 806435721512    4511777204    0.000000   0.000000             0
268 38058 006177268217      27988899    0.000000   0.000000             0
268 38058 206625065774    4511630372    0.000000   0.000000             0
268 38058 406483148683    4511688714    0.000000   0.000000             0
268 38058 606053854426      27988833    0.000000   0.000000             0
268 38058 805833889870    4511494754    0.000000   0.000000             0
268 38059 006582041075    4512993542    0.000000   0.000000             0
268 38059 206506175084    4511706601    0.000000   0.000000             0
268 38059 406821555815    4511911707    0.000000   0.000000             0
268 38059 606781859795    4512326096    0.000000   0.000000             0
268 38059 806376861503    4512059067    0.000000   0.000000             0
268 38060 005970805854    4511929658    0.000000   0.000000             0
268 38060 206226941715    4511524784    0.000000   0.000000             0
268 38060 405985716068    4512217305    0.000000   0.000000             0
268 38060 606592582924    4512260399    0.000000   0.000000             0
268 38060 806635299028    4511990438    0.000000   0.000000             0
268 38061 006851259568      27988818    0.000000   0.000000             0
268 38061 206839389335    4511794191    0.000000   0.000000             0
268 38061 406699504063    4512244888    0.000000   0.000000             0
268 38061 606442909171    4512325252    0.000000   0.000000             0
268 38061 806277616153    4511721127    0.000000   0.000000             0
268 38062 006355858473    4513118829    0.000000   0.000000             0
268 38062 206045678278    4511838693    0.000000   0.000000             0
268 38062 405394692687    4511338966    0.000000   0.000000             0
268 38062 606325569424    4513172678    0.000000   0.000000             0
268 38062 806342941505    4512843586    0.000000   0.000000             0
268 38063 006881144182    4514648912    0.000000   0.000000             0
268 38063 206874609903    4514031673    0.000000   0.000000             0
268 38063 406506470390    4513971317    0.000000   0.000000             0
268 38063 606088105727    4513361226    0.000000   0.000000             0
268 38063 806375015476    4514217200    0.000000   0.000000             0
268 38064 006433453615    4514611850    0.000000   0.000000             0
268 38064 206447601639    4514334581    0.000000   0.000000             0
268 38064 406118900908    4514246506    0.000000   0.000000             0
268 38064 605750681199    4514065362    0.000000   0.000000             0
268 38064 806551523536    4514056725    0.000000   0.000000             0
268 38065 006370004783    4514682301    0.000000   0.000000             0
268 38065 206188500852    4514035492    0.000000   0.000000             0
268 38065 406651692785    4513840547    0.000000   0.000000             0
268 38065 606612304604    4513139675    0.000000   0.000000             0
268 38065 806435547565    4513725893    0.000000   0.000000             0
268 38066 006210819636    4514227389    0.000000   0.000000             0
268 38066 206548392445    4513639073    0.000000   0.000000             0
268 38066 406455356017    4513815635    0.000000   0.000000             0
268 38066 606533461192    4513419821    0.000000   0.000000             0
268 38066 806644630546    4513294801    0.000000   0.000000             0
268 38067 006463878854    4514001997    0.000000   0.000000             0
268 38067 206430731225    4513406430    0.000000   0.000000             0
268 38067 406776964446    4513781378    0.000000   0.000000             0
268 38067 606571659708    4513834842    0.000000   0.000000             0
268 38067 806518946512    4514080392    0.000000   0.000000             0
268 38068 006178566022    4514934993    0.000000   0.000000             0
268 38068 206491817044    4514366182    0.000000   0.000000             0
268 38068 406318332090    4514050728    0.000000   0.000000             0
268 38068 606769730060    4514757656    0.000000   0.000000             0
268 38068 806888459912    4514476858    0.000000   0.000000             0
268 38069 006678218131    4515141508    0.000000   0.000000             0
268 38069 206344750652    4514032926    0.000000   0.000000             0
268 38069 406052321305    4513616402    0.000000   0.000000             0
268 38069 606436731374    4514121905    0.000000   0.000000             0
268 38069 806462678171    4513888413    0.000000   0.000000             0
268 38070 006272905601    4513846145    0.000000   0.000000             0
268 38070 206705493947    4513342521    0.000000   0.000000             0
268 38070 406916834909    4513697305    0.000000   0.000000             0
268 38070 606962471720    4513763547    0.000000   0.000000             0
268 38070 807014047648    4512902825    0.000000   0.000000             0
268 38071 006898094631    4513257202    0.000000   0.000000             0
268 38071 206776407787    4512114389    0.000000   0.000000             0
268 38071 406437975653    4512220121    0.000000   0.000000             0
268 38071 606000393942    4511643856    0.000000   0.000000             0
268 38071 806922986674    4512492830    0.000000   0.000000             0
268 38072 006859010951    4512521951    0.000000   0.000000             0
268 38072 206696470399    4512410233    0.000000   0.000000             0
268 38072 406537339470    4512082926    0.000000   0.000000             0
268 38072 606902715212    4511980439    0.000000   0.000000             0
268 38072 806920470328    4512088924    0.000000   0.000000             0
268 38073 006692787312    4512293425    0.000000   0.000000             0
268 38073 206292706207    4511532300    0.000000   0.000000             0
268 38073 406536929790    4512307432    0.000000   0.000000             0
268 38073 606751875152    4511690112    0.000000   0.000000             0
268 38073 806528024536    4511665689    0.000000   0.000000             0
268 38074 006304992967    4512988422    0.000000   0.000000             0
268 38074 206725857061    4511889763    0.000000   0.000000             0
268 38074 406626860655    4512486691    0.000000   0.000000             0
268 38074 606853422934    4512510335    0.000000   0.000000             0
268 38074 806822707273    4512480179    0.000000   0.000000             0
268 38075 006559796129    4513295005    0.000000   0.000000             0
268 38075 206110777028    4512360153    0.000000   0.000000             0
268 38075 406395122161    4513217598    0.000000   0.000000             0
268 38075 606544748072    4512894244    0.000000   0.000000             0
268 38075 806682581133    4512809093    0.000000   0.000000             0
268 38076 006756929484    4513391874    0.000000   0.000000             0
268 38076 206744317358    4512547700    0.000000   0.000000             0
268 38076 406692682031    4513181387    0.000000   0.000000             0
268 38076 606704170590    4513162657    0.000000   0.000000             0
268 38076 807159583608    4512600104    0.000000   0.000000             0
268 38077 006755533585    4513552477    0.000000   0.000000             0
268 38077 206354256705    4512775504    0.000000   0.000000             0
268 38077 406365174174    4513701367    0.000000   0.000000             0
268 38077 606045137356    4512903375    0.000000   0.000000             0
268 38077 806708748416    4512943963    0.000000   0.000000             0
268 38078 006597849308    4513772465    0.000000   0.000000             0
268 38078 206813876342    4512805652    0.000000   0.000000             0
268 38078 406728746362    4512973256    0.000000   0.000000             0
268 38078 606706582628    4513249647    0.000000   0.000000             0
268 38078 806527617686    4512727938    0.000000   0.000000             0
268 38079 006104652923    4513628944    0.000000   0.000000             0
268 38079 206196173756    4512986938    0.000000   0.000000             0
268 38079 406558613067    4513132595    0.000000   0.000000             0
268 38079 606639624952    4513039775    0.000000   0.000000             0
268 38079 806577028103    4512956675    0.000000   0.000000             0
268 38080 006514612454    4513336180    0.000000   0.000000             0
268 38080 206632398294    4513040152    0.000000   0.000000             0
268 38080 406610661346    4513360554    0.000000   0.000000             0
268 38080 606467133104    4513013474    0.000000   0.000000             0
268 38080 806917783681    4513396636    0.000000   0.000000             0
268 38081 006827240490    4513707896    0.000000   0.000000             0
268 38081 206552952790    4512929844    0.000000   0.000000             0
268 38081 406280081268    4513398070    0.000000   0.000000             0
268 38081 606358145509    4513337620    0.000000   0.000000             0
268 38081 806617284201    4513163411    0.000000   0.000000             0
268 38082 006507514918    4513617331    0.000000   0.000000             0
268 38082 205942195811    4512748778    0.000000   0.000000             0
268 38082 405382050085    4513785636    0.000000   0.000000             0
268 38082 606375116455    4513448726    0.000000   0.000000             0
268 38082 806528217065    4513118902    0.000000   0.000000             0
268 38083 006611917313    4513420802    0.000000   0.000000             0
268 38083 206657469666    4512664454    0.000000   0.000000             0
268 38083 406478097444    4513120017    0.000000   0.000000             0
268 38083 606300466919    4512788729    0.000000   0.000000             0
268 38083 806148821706    4512717850    0.000000   0.000000             0
268 38084 006046995470    4513193135    0.000000   0.000000             0
268 38084 206108321363    4512269022    0.000000   0.000000             0
268 38084 405780174216    4512843519    0.000000   0.000000             0
268 38084 605821352699    4512853564    0.000000   0.000000             0
268 38084 805579100663    4512082275    0.000000   0.000000             0
268 38085 005827801142    4513233671    0.000000   0.000000             0
268 38085 205692573392    4512060663    0.000000   0.000000             0
268 38085 406295315806    4512417445    0.000000   0.000000             0
268 38085 606436518756    4512734322    0.000000   0.000000             0
268 38085 806786032932    4512052793    0.000000   0.000000             0
268 38086 006810131454    4513102409    0.000000   0.000000             0
268 38086 206838729857    4511615139    0.000000   0.000000             0
268 38086 406700019746    4511966400    0.000000   0.000000             0
268 38086 606571191383    4512106365    0.000000   0.000000             0
268 38086 806805388034    4511758828    0.000000   0.000000             0
268 38087 006472113040    4512878244    0.000000   0.000000             0
268 38087 206134629450    4512057605    0.000000   0.000000             0
268 38087 406500402758    4512031997    0.000000   0.000000             0
268 38087 607218288387    4511841371    0.000000   0.000000             0
268 38087 807041254040    4512084462    0.000000   0.000000             0
268 38088 006699630838    4512310551    0.000000   0.000000             0
268 38088 206354313275    4511718224    0.000000   0.000000             0
268 38088 406408116040    4512435181    0.000000   0.000000             0
268 38088 606326291279    4511846728    0.000000   0.000000             0
268 38088 806171300435    4512231991    0.000000   0.000000             0
268 38089 006302648893    4512160080    0.000000   0.000000             0
268 38089 205812038374    4511608249    0.000000   0.000000             0
268 38089 406402561894    4511821631    0.000000   0.000000             0
268 38089 606440134623    4511636311    0.000000   0.000000             0
268 38089 806284422273    4510816730    0.000000   0.000000             0
268 38090 006024845970    4512185043    0.000000   0.000000             0
268 38090 206715598870    4511043788    0.000000   0.000000             0
268 38090 406739400285    4511646627    0.000000   0.000000             0
268 38090 606619146129    4511146508    0.000000   0.000000             0
268 38090 806510939881    4511096878    0.000000   0.000000             0
268 38091 006472971887    4511369930    0.000000   0.000000             0
268 38091 206169144556    4510840810    0.000000   0.000000             0
268 38091 406313547588    4511136129    0.000000   0.000000             0
268 38091 606421609147    4511874132    0.000000   0.000000             0
268 38091 806606138685    4511592666    0.000000   0.000000             0
268 38092 006514949469    4511484703    0.000000   0.000000             0
268 38092 206589834575    4511407371    0.000000   0.000000             0
268 38092 406386243791    4511864994    0.000000   0.000000             0
268 38092 606562156638    4511528663    0.000000   0.000000             0
268 38092 806379136309    4511397666    0.000000   0.000000             0
268 38093 006676614728    4512620245    0.000000   0.000000             0
268 38093 206576023476    4511471731    0.000000   0.000000             0
268 38093 406535903639    4512478741    0.000000   0.000000             0
268 38093 606248086689    4512229868    0.000000   0.000000             0
268 38093 806672038336    4512725698    0.000000   0.000000             0
268 38094 006709271693    4513794425    0.000000   0.000000             0
268 38094 206867379311    4513165812    0.000000   0.000000             0
268 38094 406595675136    4513067954    0.000000   0.000000             0
268 38094 606279816770    4512588023    0.000000   0.000000             0
268 38094 805971624424    4511921722    0.000000   0.000000             0
268 38095 006662683198    4514675833    0.000000   0.000000             0
268 38095 206849510709    4513472467    0.000000   0.000000             0
268 38095 406596366753    4513475477    0.000000   0.000000             0
268 38095 606346800778    4513180616    0.000000   0.000000             0
268 38095 806367887657    4513044945    0.000000   0.000000             0
268 38096 005969986763    4513246150    0.000000   0.000000             0
268 38096 206479976441    4513456171    0.000000   0.000000             0
268 38096 406493021183    4513938928    0.000000   0.000000             0
268 38096 606324397217    4513395323    0.000000   0.000000             0
268 38096 806107199489    4513181218    0.000000   0.000000             0
268 38097 006362539192    4514096773    0.000000   0.000000             0
268 38097 206089233383    4512500873    0.000000   0.000000             0
268 38097 406347073578    4513859061    0.000000   0.000000             0
268 38097 606037219048    4512665372    0.000000   0.000000             0
268 38097 806587480736    4513513666    0.000000   0.000000             0
268 38098 006545294302    4513723100    0.000000   0.000000             0
268 38098 206828687304    4513598986    0.000000   0.000000             0
268 38098 406769363333    4514071643    0.000000   0.000000             0
268 38098 606715142931    4513588484    0.000000   0.000000             0
268 38098 806874323818    4513803116    0.000000   0.000000             0
268 38099 006570590886    4514280028    0.000000   0.000000             0
268 38099 206126453384    4512235452    0.000000   0.000000             0
268 38099 406412221491    4513232275    0.000000   0.000000             0
268 38099 606092321279    4512259663    0.000000   0.000000             0
268 38099 806556770993    4513272373    0.000000   0.000000             0
268 38100 006935377154    4514203586    0.000000   0.000000             0
268 38100 206617030133    4512661076    0.000000   0.000000             0
268 38100 406298687434    4512749141    0.000000   0.000000             0
268 38100 606102335958    4512046494    0.000000   0.000000             0
268 38100 805618739039    4511426178    0.000000   0.000000             0
268 38101 006271700040    4512770031    0.000000   0.000000             0
268 38101 206654326394    4512618822    0.000000   0.000000             0
268 38101 406541800447    4512740427    0.000000   0.000000             0
268 38101 606268057760    4512175884    0.000000   0.000000             0
268 38101 806722244495    4512194681    0.000000   0.000000             0
268 38102 006794589841    4512902240    0.000000   0.000000             0
268 38102 206546924899    4511810723    0.000000   0.000000             0
268 38102 406226583509    4511582625    0.000000   0.000000             0
268 38102 606411397472    4511783385    0.000000   0.000000             0
268 38102 806254642259    4511865457    0.000000   0.000000             0
268 38103 006444380029    4511833894    0.000000   0.000000             0
268 38103 206323748978    4511583567    0.000000   0.000000             0
268 38103 407009674011    4512066068    0.000000   0.000000             0
268 38103 606782294155    4511586924    0.000000   0.000000             0
268 38103 806145972958    4511776457    0.000000   0.000000             0
268 38104 005518092934    4511354327    0.000000   0.000000             0
268 38104 206193906495    4511296119    0.000000   0.000000             0
268 38104 406356752443    4511837530    0.000000   0.000000             0
268 38104 606677986754    4511609090    0.000000   0.000000             0
268 38104 806602814868    4511278162    0.000000   0.000000             0
268 38105 006479478914    4512070663    0.000000   0.000000             0
268 38105 206355327166    4511516819    0.000000   0.000000             0
268 38105 406541167053    4512135096    0.000000   0.000000             0
268 38105 606499760761    4511670048    0.000000   0.000000             0
268 38105 806477083876    4511876547    0.000000   0.000000             0
268 38106 006169529457    4511740241    0.000000   0.000000             0
268 38106 206374149508    4511386381    0.000000   0.000000             0
268 38106 406458340563    4512193730    0.000000   0.000000             0
268 38106 606741871306    4511698530    0.000000   0.000000             0
268 38106 806642669260    4511515718    0.000000   0.000000             0
268 38107 006587019823    4512458464    0.000000   0.000000             0
268 38107 206514604113    4511134876    0.000000   0.000000             0
268 38107 406574994115    4511687710    0.000000   0.000000             0
268 38107 606446443788    4511694085    0.000000   0.000000             0
268 38107 806302099649    4511291039    0.000000   0.000000             0
268 38108 006350500058    4511848187    0.000000   0.000000             0
268 38108 206151599537    4510685015    0.000000   0.000000             0
268 38108 405964515841    4511164897    0.000000   0.000000             0
268 38108 606828838885    4512293113    0.000000   0.000000             0
268 38108 806465142610    4511097634    0.000000   0.000000             0
268 38109 006098870042    4511674872    0.000000   0.000000             0
268 38109 206650939646    4511688525    0.000000   0.000000             0
268 38109 407041816994    4511798958    0.000000   0.000000             0
268 38109 607005820726    4511659594    0.000000   0.000000             0
268 38109 806777541889    4511470919    0.000000   0.000000             0
268 38110 006556819477    4512513496    0.000000   0.000000             0
268 38110 206675591893    4511446730    0.000000   0.000000             0
268 38110 406440165192    4511693670    0.000000   0.000000             0
268 38110 606614200224    4511283435    0.000000   0.000000             0
268 38110 806452918689    4512040914    0.000000   0.000000             0
268 38111 006543481300    4511954302    0.000000   0.000000             0
268 38111 206341251112    4511681802    0.000000   0.000000             0
268 38111 406382944399    4511997426    0.000000   0.000000             0
268 38111 606036945959    4511638690    0.000000   0.000000             0
268 38111 806790168841    4511965314    0.000000   0.000000             0
268 38112 006720736426    4512901381    0.000000   0.000000             0
268 38112 206654705362    4511976878    0.000000   0.000000             0
268 38112 406799402073    4512532043    0.000000   0.000000             0
268 38112 606634017509    4512330004    0.000000   0.000000             0
268 38112 806474220117    4511793073    0.000000   0.000000             0
268 38113 006185615814    4512279116    0.000000   0.000000             0
268 38113 205598735884    4511161968    0.000000   0.000000             0
268 38113 406255965863    4511873902    0.000000   0.000000             0
268 38113 606230772653    4512467507    0.000000   0.000000             0
268 38113 806358356102    4511932896    0.000000   0.000000             0
268 38114 006836140106    4514194042    0.000000   0.000000             0
268 38114 206661244367    4512699251    0.000000   0.000000             0
268 38114 406492145972    4512800920    0.000000   0.000000             0
268 38114 606827062569    4513611784    0.000000   0.000000             0
268 38114 806752420853    4513172036    0.000000   0.000000             0
268 38115 006916349150    4514385068    0.000000   0.000000             0
268 38115 206903603474    4513633222    0.000000   0.000000             0
268 38115 406801489422    4513647845    0.000000   0.000000             0
268 38115 606669883586    4514004540    0.000000   0.000000             0
268 38115 806464862086    4513338675    0.000000   0.000000             0
268 38116 006120989077    4513154021    0.000000   0.000000             0
268 38116 206392752807    4512938258    0.000000   0.000000             0
268 38116 406020511233    4512972263    0.000000   0.000000             0
268 38116 605878242903    4512739158    0.000000   0.000000             0
268 38116 805753471788    4512219394    0.000000   0.000000             0
268 38117 006439584853    4514134412    0.000000   0.000000             0
268 38117 206314415373    4513031414    0.000000   0.000000             0
268 38117 406419392442    4514042920    0.000000   0.000000             0
268 38117 606249984077    4513696448    0.000000   0.000000             0
268 38117 806561723715    4513814258    0.000000   0.000000             0
268 38118 006941805448    4514115315    0.000000   0.000000             0
268 38118 206587535606    4513720527    0.000000   0.000000             0
268 38118 406236609895    4513473951    0.000000   0.000000             0
268 38118 606543166672    4514167079    0.000000   0.000000             0
268 38118 806340031631    4513601737    0.000000   0.000000             0
268 38119 006354771227    4514164686    0.000000   0.000000             0
268 38119 206122423457    4513260053    0.000000   0.000000             0
268 38119 406701298387    4513584657    0.000000   0.000000             0
268 38119 606818986395    4512653692    0.000000   0.000000             0
268 38119 806802024672    4512715923    0.000000   0.000000             0
268 38120 006667463138    4513858953    0.000000   0.000000             0
268 38120 206273589763    4512794840    0.000000   0.000000             0
268 38120 405861350104    4513590558    0.000000   0.000000             0
268 38120 605782558006    4513925225    0.000000   0.000000             0
268 38120 805347626170    4513355209    0.000000   0.000000             0
268 38121 006397213117    4513223508    0.000000   0.000000             0
268 38121 206458026012    4512828640    0.000000   0.000000             0
268 38121 406533727546    4512708448    0.000000   0.000000             0
268 38121 606881682164    4512802522    0.000000   0.000000             0
268 38121 806560194796    4512588653    0.000000   0.000000             0
268 38122 006238000991    4512739347    0.000000   0.000000             0
268 38122 206172235143    4512310618    0.000000   0.000000             0
268 38122 405566320391    4513146173    0.000000   0.000000             0
268 38122 606143796540    4512537702    0.000000   0.000000             0
268 38122 806123903370    4512984495    0.000000   0.000000             0
268 38123 006368241018    4513242070    0.000000   0.000000             0
268 38123 206224203394    4512187380    0.000000   0.000000             0
268 38123 406314453365    4512487432    0.000000   0.000000             0
268 38123 606287687107    4512657826    0.000000   0.000000             0
268 38123 806355684537    4512450472    0.000000   0.000000             0
268 38124 006234782129    4512510368    0.000000   0.000000             0
268 38124 206201591151    4511773386    0.000000   0.000000             0
268 38124 405845472182    4512610289    0.000000   0.000000             0
268 38124 606553361395    4512328993    0.000000   0.000000             0
268 38124 806638620583    4512114805    0.000000   0.000000             0
268 38125 006588213975    4512720575    0.000000   0.000000             0
268 38125 206261005675    4511488894    0.000000   0.000000             0
268 38125 406731543764    4511636294    0.000000   0.000000             0
268 38125 606764895238    4511943879    0.000000   0.000000             0
268 38125 806566245839    4511451562    0.000000   0.000000             0
268 38126 006241959913    4512185341    0.000000   0.000000             0
268 38126 205917496016    4511445020    0.000000   0.000000             0
268 38126 406161283805    4511657272    0.000000   0.000000             0
268 38126 605943015915    4511922391    0.000000   0.000000             0
268 38126 806641357558    4511211774    0.000000   0.000000             0
268 38127 006488715859    4511719958    0.000000   0.000000             0
268 38127 206344713828    4511234855    0.000000   0.000000             0
268 38127 406058628563    4511642907    0.000000   0.000000             0
268 38127 605743226304    4511491682    0.000000   0.000000             0
268 38127 806348761093    4511176103    0.000000   0.000000             0
268 38128 006482614554    4511636212    0.000000   0.000000             0
268 38128 206433734595    4510809142    0.000000   0.000000             0
268 38128 406204535386    4511396159    0.000000   0.000000             0
268 38128 606572785793    4511345815    0.000000   0.000000             0
268 38128 807094392876    4510752501    0.000000   0.000000             0
268 38129 006903211324    4511531718    0.000000   0.000000             0
268 38129 206711272651    4510867637    0.000000   0.000000             0
268 38129 406684958565    4511121775    0.000000   0.000000             0
268 38129 606333123214    4510861499    0.000000   0.000000             0
268 38129 806625354620    4510793964    0.000000   0.000000             0
268 38130 006722826343    4511540334    0.000000   0.000000             0
268 38130 206499132073    4510826411    0.000000   0.000000             0
268 38130 406340504385    4511335021    0.000000   0.000000             0
268 38130 606290178643    4510955545    0.000000   0.000000             0
268 38130 806519040641    4511034129    0.000000   0.000000             0
268 38131 006612504367    4511729000    0.000000   0.000000             0
268 38131 206639367083    4510665892    0.000000   0.000000             0
268 38131 406727049136    4511223044    0.000000   0.000000             0
268 38131 606684981678    4511164228    0.000000   0.000000             0
268 38131 806822743092    4510801421    0.000000   0.000000             0
268 38132 006934060410    4511473415    0.000000   0.000000             0
268 38132 207043342962    4511037895    0.000000   0.000000             0
268 38132 406994434627    4511007879    0.000000   0.000000             0
268 38132 606757976384    4511004883    0.000000   0.000000             0
268 38132 806521813633    4511109453    0.000000   0.000000             0
268 38133 006611744750    4511789099    0.000000   0.000000             0
268 38133 206746697258    4510901861    0.000000   0.000000             0
268 38133 406723456123    4511316647    0.000000   0.000000             0
268 38133 606416355578    4511382628    0.000000   0.000000             0
268 38133 806711557416    4511282472    0.000000   0.000000             0
268 38134 006588515600    4512131671    0.000000   0.000000             0
268 38134 206549381015    4511487929    0.000000   0.000000             0
268 38134 406332477651    4511855630    0.000000   0.000000             0
268 38134 606649363646    4511977066    0.000000   0.000000             0
268 38134 806407847616    4512032244    0.000000   0.000000             0
268 38135 006166886393    4512135122    0.000000   0.000000             0
268 38135 205974370401    4510962897    0.000000   0.000000             0
268 38135 406293179905    4512408142    0.000000   0.000000             0
268 38135 606960188517    4513747815    0.000000   0.000000             0
268 38135 806849684435    4513696926    0.000000   0.000000             0
268 38136 006916499566    4514380805    0.000000   0.000000             0
268 38136 206803580491    4513652600    0.000000   0.000000             0
268 38136 406853289060    4513864066    0.000000   0.000000             0
268 38136 607024331235    4513602021    0.000000   0.000000             0
268 38136 806958347806    4513834323    0.000000   0.000000             0
268 38137 006891997902    4514235429    0.000000   0.000000             0
268 38137 206984242082    4513589959    0.000000   0.000000             0
268 38137 406731118768    4513567476    0.000000   0.000000             0
268 38137 606458345996    4514106469    0.000000   0.000000             0
268 38137 806472623502    4513510339    0.000000   0.000000             0
268 38138 006237725793    4514310434    0.000000   0.000000             0
268 38138 206849882888    4513179594    0.000000   0.000000             0
268 38138 406739401689    4513279602    0.000000   0.000000             0
268 38138 606530217097    4513169345    0.000000   0.000000             0
268 38138 806268286586    4513683323    0.000000   0.000000             0
268 38139 006545271404    4513662321    0.000000   0.000000             0
268 38139 206528260984    4513383625    0.000000   0.000000             0
268 38139 406523394398    4512987772    0.000000   0.000000             0
268 38139 606320988911    4513551670    0.000000   0.000000             0
268 38139 806341246898    4513341889    0.000000   0.000000             0
268 38140 006159032324    4514103204    0.000000   0.000000             0
268 38140 205979119790    4513363074    0.000000   0.000000             0
268 38140 406571115440    4512919825    0.000000   0.000000             0
268 38140 606340110084    4513347618    0.000000   0.000000             0
268 38140 806034706548    4513025344    0.000000   0.000000             0
268 38141 006330761673    4513671862    0.000000   0.000000             0
268 38141 206158794674    4512986985    0.000000   0.000000             0
268 38141 406675227830    4512505085    0.000000   0.000000             0
268 38141 606612694755    4512669381    0.000000   0.000000             0
268 38141 806552617803    4512437956    0.000000   0.000000             0
268 38142 006875180392    4512968387    0.000000   0.000000             0
268 38142 206543235487    4512344364    0.000000   0.000000             0
268 38142 406219561301    4512322262    0.000000   0.000000             0
268 38142 606460091200    4512854879    0.000000   0.000000             0
268 38142 806409610828    4512030473    0.000000   0.000000             0
268 38143 006214562942    4513519667    0.000000   0.000000             0
268 38143 205992359399    4512380234    0.000000   0.000000             0
268 38143 406460808634    4512328732    0.000000   0.000000             0
268 38143 606176902838    4512635109    0.000000   0.000000             0
268 38143 806433745791    4512399499    0.000000   0.000000             0
268 38144 006333293728    4512704608    0.000000   0.000000             0
268 38144 206551776842    4512457394    0.000000   0.000000             0
268 38144 406394126599    4512518883    0.000000   0.000000             0
268 38144 606525396732    4512374440    0.000000   0.000000             0
268 38144 806324074721    4512659664    0.000000   0.000000             0
268 38145 006539876500    4512455319    0.000000   0.000000             0
268 38145 206449009987    4512671460    0.000000   0.000000             0
268 38145 406742525112    4512536636    0.000000   0.000000             0
268 38145 606653092982    4512292662    0.000000   0.000000             0
268 38145 806248999768    4512485098    0.000000   0.000000             0
268 38146 005846391447    4513039067    0.000000   0.000000             0
268 38146 206209638302    4512432140    0.000000   0.000000             0
268 38146 405895265816    4512652327    0.000000   0.000000             0
268 38146 606467562531    4512837676    0.000000   0.000000             0
268 38146 806427062518    4512179086    0.000000   0.000000             0
268 38147 006615172191    4513009117    0.000000   0.000000             0
268 38147 206797352992    4511989526    0.000000   0.000000             0
268 38147 406758829537    4512404584    0.000000   0.000000             0
268 38147 606732399436    4512108778    0.000000   0.000000             0
268 38147 806518733894    4512400763    0.000000   0.000000             0
268 38148 006116254757    4512290470    0.000000   0.000000             0
268 38148 206455148073    4512244537    0.000000   0.000000             0
268 38148 406170595583    4512143447    0.000000   0.000000             0
268 38148 606565622031    4512002343    0.000000   0.000000             0
268 38148 806437707521    4512308321    0.000000   0.000000             0
268 38149 006278855915    4512728786    0.000000   0.000000             0
268 38149 206105361416    4511573743    0.000000   0.000000             0
268 38149 406355668849    4512677426    0.000000   0.000000             0
268 38149 606154311128    4511521932    0.000000   0.000000             0
268 38149 806645191755    4512140701    0.000000   0.000000             0
268 38150 006618762665    4512719453    0.000000   0.000000             0
268 38150 206424842967    4511373918    0.000000   0.000000             0
268 38150 406597562993    4512222156    0.000000   0.000000             0
268 38150 606553952399    4512089638    0.000000   0.000000             0
268 38150 806606605598    4511840001    0.000000   0.000000             0
268 38151 006887211937    4512128041    0.000000   0.000000             0
268 38151 206940445103    4511455197    0.000000   0.000000             0
268 38151 406635376727    4511959176    0.000000   0.000000             0
268 38151 606337309786    4511959222    0.000000   0.000000             0
268 38151 806527734720    4511253649    0.000000   0.000000             0
268 38152 006500608579    4511924842    0.000000   0.000000             0
268 38152 206739690948    4511591769    0.000000   0.000000             0
268 38152 406746586057    4511679484    0.000000   0.000000             0
268 38152 606571142016    4511094723    0.000000   0.000000             0
268 38152 806400866255    4511680807    0.000000   0.000000             0
268 38153 006483730467    4511749212    0.000000   0.000000             0
268 38153 206437643399    4510894368    0.000000   0.000000             0
268 38153 406654303173    4511337270    0.000000   0.000000             0
268 38153 606614005570    4510977772    0.000000   0.000000             0
268 38153 806575850678    4511185235    0.000000   0.000000             0
268 38154 006623538065    4511497763    0.000000   0.000000             0
268 38154 206724894102    4510499669    0.000000   0.000000             0
268 38154 406800113647    4511081428    0.000000   0.000000             0
268 38154 606633929929    4510951855    0.000000   0.000000             0
268 38154 806747002687    4510530450    0.000000   0.000000             0
268 38155 006446549829    4511042011    0.000000   0.000000             0
268 38155 206154538129    4510312017    0.000000   0.000000             0
268 38155 406802360085    4510922297    0.000000   0.000000             0
268 38155 606814674655    4510841980    0.000000   0.000000             0
268 38155 806305752056    4510979632    0.000000   0.000000             0
268 38156 005795135286    4510791170    0.000000   0.000000             0
268 38156 206318118369    4510278012    0.000000   0.000000             0
268 38156 406273810055    4510855633    0.000000   0.000000             0
268 38156 606713002482    4510885009    0.000000   0.000000             0
268 38156 806821942409    4510888563    0.000000   0.000000             0
268 38157 006554062806    4512077676    0.000000   0.000000             0
268 38157 206165409581    4509732012    0.000000   0.000000             0
268 38157 406706639144    4511094566    0.000000   0.000000             0
268 38157 606577984232    4511047139    0.000000   0.000000             0
268 38157 806622035881    4510867182    0.000000   0.000000             0
268 38158 006608267642    4512100864    0.000000   0.000000             0
268 38158 206533530916    4510452053    0.000000   0.000000             0
268 38158 406657993000    4511390209    0.000000   0.000000             0
268 38158 606611669267    4511079468    0.000000   0.000000             0
268 38158 806501642386    4510989512    0.000000   0.000000             0
268 38159 006376029218    4511612420    0.000000   0.000000             0
268 38159 206228512267    4510867769    0.000000   0.000000             0
268 38159 406540841956    4511852411    0.000000   0.000000             0
268 38159 606627118730    4511151736    0.000000   0.000000             0
268 38159 806736582243    4511378234    0.000000   0.000000             0
268 38160 006599667919    4512115629    0.000000   0.000000             0
268 38160 206685873170    4511159783    0.000000   0.000000             0
268 38160 406387666066    4511917427    0.000000   0.000000             0
268 38160 606409708904    4511173182    0.000000   0.000000             0
268 38160 806092763822    4510754746    0.000000   0.000000             0
268 38161 006113021474    4512213506    0.000000   0.000000             0
268 38161 206712127125    4511420928    0.000000   0.000000             0
268 38161 406919825364    4511780479    0.000000   0.000000             0
268 38161 606989219013    4511923867    0.000000   0.000000             0
268 38161 806991893878    4511986738    0.000000   0.000000             0
268 38162 006946052301    4512441669    0.000000   0.000000             0
268 38162 206520429354    4511235174    0.000000   0.000000             0
268 38162 406101800167    4510994101    0.000000   0.000000             0
268 38162 606763260635    4512274266    0.000000   0.000000             0
268 38162 806778883962    4511455633    0.000000   0.000000             0
268 38163 006777561124    4512205486    0.000000   0.000000             0
268 38163 206687549406    4511246683    0.000000   0.000000             0
268 38163 406411170683    4511570795    0.000000   0.000000             0
268 38163 606141632939    4511155419    0.000000   0.000000             0
268 38163 806536891825    4511646100    0.000000   0.000000             0
268 38164 006527593774    4511493630    0.000000   0.000000             0
268 38164 206578951344    4511643454    0.000000   0.000000             0
268 38164 406489175148    4511595816    0.000000   0.000000             0
268 38164 606564476315    4511555832    0.000000   0.000000             0
268 38164 806463605084    4511209904    0.000000   0.000000             0
268 38165 006530619859    4511776113    0.000000   0.000000             0
268 38165 206491537778    4511652924    0.000000   0.000000             0
268 38165 406642581293    4511353769    0.000000   0.000000             0
268 38165 606555555780    4511487735    0.000000   0.000000             0
268 38165 806465286078    4511354117    0.000000   0.000000             0
268 38166 006071488788    4511693261    0.000000   0.000000             0
268 38166 206631221685    4511161261    0.000000   0.000000             0
268 38166 406599921465    4511543497    0.000000   0.000000             0
268 38166 606779194568    4511472376    0.000000   0.000000             0
268 38166 806537541765    4511400645    0.000000   0.000000             0
268 38167 006695260687    4512326301    0.000000   0.000000             0
268 38167 207155474789    4511444873    0.000000   0.000000             0
268 38167 406951800025    4511335065    0.000000   0.000000             0
268 38167 606731750791    4511441051    0.000000   0.000000             0
268 38167 806517015779    4511316538    0.000000   0.000000             0
268 38168 006505992635    4511456136    0.000000   0.000000             0
268 38168 205939174048    4510808631    0.000000   0.000000             0
268 38168 405382697878    4511645822    0.000000   0.000000             0
268 38168 606188825193    4511092083    0.000000   0.000000             0
268 38168 806492024632    4511293145    0.000000   0.000000             0
268 38169 007051761713    4512009573    0.000000   0.000000             0
268 38169 206959075993    4511241381    0.000000   0.000000             0
268 38169 406737609439    4511214730    0.000000   0.000000             0
268 38169 606519989371    4511294988    0.000000   0.000000             0
268 38169 806423466442    4511273825    0.000000   0.000000             0
268 38170 006124966516    4512022873    0.000000   0.000000             0
268 38170 205828479848    4511554137    0.000000   0.000000             0
268 38170 406336186759    4512145795    0.000000   0.000000             0
268 38170 606345486514    4511396127    0.000000   0.000000             0
268 38170 806361904128    4511776980    0.000000   0.000000             0
268 38171 006744339160    4511944862    0.000000   0.000000             0
268 38171 206626803352    4511245388    0.000000   0.000000             0
268 38171 406371998877    4512083113    0.000000   0.000000             0
268 38171 606123278580    4512055035    0.000000   0.000000             0
268 38171 806546318308    4511587142    0.000000   0.000000             0
268 38172 006343585716    4512295780    0.000000   0.000000             0
268 38172 207010065402    4511776037    0.000000   0.000000             0
268 38172 406708794748    4511728736    0.000000   0.000000             0
268 38172 606414176997    4512337841    0.000000   0.000000             0
268 38172 806704442439    4511390092    0.000000   0.000000             0
268 38173 006631065131    4512720688    0.000000   0.000000             0
268 38173 206554777593    4511505054    0.000000   0.000000             0
268 38173 406749377515    4511711665    0.000000   0.000000             0
268 38173 606815631509    4511367227    0.000000   0.000000             0
268 38173 806773805700    4511781487    0.000000   0.000000             0
268 38174 006510682339    4512449287    0.000000   0.000000             0
268 38174 206250019561    4511760050    0.000000   0.000000             0
268 38174 406338452929    4512632746    0.000000   0.000000             0
268 38174 606443835182    4511505798    0.000000   0.000000             0
268 38174 806332080203    4512151478    0.000000   0.000000             0
268 38175 006465689039    4512483306    0.000000   0.000000             0
268 38175 206861327271    4512130088    0.000000   0.000000             0
268 38175 406716897211    4511937891    0.000000   0.000000             0
268 38175 606584128465    4512056641    0.000000   0.000000             0
268 38175 806576252493    4512036704    0.000000   0.000000             0
268 38176 006370792384    4512349086    0.000000   0.000000             0
268 38176 206798164872    4512026053    0.000000   0.000000             0
268 38176 406769794790    4512097315    0.000000   0.000000             0
268 38176 606437381226    4512051425    0.000000   0.000000             0
268 38176 806014579903    4511566176    0.000000   0.000000             0
268 38177 006031819132    4512495136    0.000000   0.000000             0
268 38177 206141236231    4512095620    0.000000   0.000000             0
268 38177 406307523583    4511807792    0.000000   0.000000             0
268 38177 606090844281    4512236456    0.000000   0.000000             0
268 38177 806686058044    4512035650    0.000000   0.000000             0
268 38178 006797577858    4512654811    0.000000   0.000000             0
268 38178 206561849802    4511796690    0.000000   0.000000             0
268 38178 406332764091    4512370834    0.000000   0.000000             0
268 38178 606363657149    4512422669    0.000000   0.000000             0
268 38178 806122353257    4512210414    0.000000   0.000000             0
268 38179 006636247781    4512594481    0.000000   0.000000             0
268 38179 206535017016    4511773639    0.000000   0.000000             0
268 38179 406457496938    4512384681    0.000000   0.000000             0
268 38179 606365994390    4512350115    0.000000   0.000000             0
268 38179 806413807739    4512332985    0.000000   0.000000             0
268 38180 006499670853    4512809749    0.000000   0.000000             0
268 38180 206659817064    4512648835    0.000000   0.000000             0
268 38180 406632431703    4512700322    0.000000   0.000000             0
268 38180 606412897920    4512986072    0.000000   0.000000             0
268 38180 806156552375    4512139529    0.000000   0.000000             0
268 38181 006345905138    4512829082    0.000000   0.000000             0
268 38181 206063861944    4512572884    0.000000   0.000000             0
268 38181 406747667526    4513280310    0.000000   0.000000             0
268 38181 606675479343    4512720910    0.000000   0.000000             0
268 38181 806576378527    4512361436    0.000000   0.000000             0
268 38182 006476845891    4513289744    0.000000   0.000000             0
268 38182 206546686321    4512450406    0.000000   0.000000             0
268 38182 406391068042    4513039687    0.000000   0.000000             0
268 38182 606995227317    4512214296    0.000000   0.000000             0
268 38182 806879418087    4512816992    0.000000   0.000000             0
268 38183 006457025404    4513607148    0.000000   0.000000             0
268 38183 206028480010    4513253493    0.000000   0.000000             0
268 38183 406440349368    4513782673    0.000000   0.000000             0
268 38183 606251223347    4513573562    0.000000   0.000000             0
268 38183 806420708759    4513354638    0.000000   0.000000             0
268 38184 006371191324    4513894263    0.000000   0.000000             0
268 38184 206460289577    4513654298    0.000000   0.000000             0
268 38184 406175413023    4513719402    0.000000   0.000000             0
268 38184 606260389584    4514200356    0.000000   0.000000             0
268 38184 806325046658    4513792182    0.000000   0.000000             0
268 38185 006515280795    4514153912    0.000000   0.000000             0
268 38185 206591893337    4513103507    0.000000   0.000000             0
268 38185 406597547757    4514043963    0.000000   0.000000             0
268 38185 606542197427    4513982820    0.000000   0.000000             0
268 38185 806624558354    4513779587    0.000000   0.000000             0
268 38186 006534856526    4514280030    0.000000   0.000000             0
268 38186 206584265870    4513814374    0.000000   0.000000             0
268 38186 406460285514    4513956689    0.000000   0.000000             0
268 38186 606545680566    4513810519    0.000000   0.000000             0
268 38186 806726793133    4513447464    0.000000   0.000000             0
268 38187 006493951747    4514081685    0.000000   0.000000             0
268 38187 206198908643    4513624957    0.000000   0.000000             0
268 38187 406477676472    4514090494    0.000000   0.000000             0
268 38187 606510461883    4513176730    0.000000   0.000000             0
268 38187 807028919706    4512424952    0.000000   0.000000             0
268 38188 007108046186    4512967167    0.000000   0.000000             0
268 38188 206889557703    4512025724    0.000000   0.000000             0
268 38188 406676560560    4512385619    0.000000   0.000000             0
268 38188 606802071074    4512466250    0.000000   0.000000             0
268 38188 806598674586    4512261957    0.000000   0.000000             0
268 38189 006726338193    4512744283    0.000000   0.000000             0
268 38189 206522880952    4512500835    0.000000   0.000000             0
268 38189 406482148202    4512639264    0.000000   0.000000             0
268 38189 606073450675    4512110509    0.000000   0.000000             0
268 38189 806222212850    4512666664    0.000000   0.000000             0
268 38190 005974407781    4512655491    0.000000   0.000000             0
268 38190 206399352835    4512013432    0.000000   0.000000             0
268 38190 406528621614    4512717332    0.000000   0.000000             0
268 38190 606780711416    4511733951    0.000000   0.000000             0
268 38190 806691173646    4511920356    0.000000   0.000000             0
268 38191 006892443154    4512858671    0.000000   0.000000             0
268 38191 206735930580    4511602020    0.000000   0.000000             0
268 38191 406519897835    4512038649    0.000000   0.000000             0
268 38191 606563487527    4512144096    0.000000   0.000000             0
268 38191 806527054316    4511888246    0.000000   0.000000             0
268 38192 006379670296    4512320294    0.000000   0.000000             0
268 38192 206769026059    4511211908    0.000000   0.000000             0
268 38192 406614378291    4511459391    0.000000   0.000000             0
268 38192 606682439953    4512040896    0.000000   0.000000             0
268 38192 806358412476    4511023122    0.000000   0.000000             0
268 38193 006683471816    4512410641    0.000000   0.000000             0
268 38193 206350378117    4510903864    0.000000   0.000000             0
268 38193 406694222911    4511509860    0.000000   0.000000             0
268 38193 606501429356    4511307789    0.000000   0.000000             0
268 38193 806748821153    4511076401    0.000000   0.000000             0
268 38194 006695470096    4512493933    0.000000   0.000000             0
268 38194 206538673243    4510969035    0.000000   0.000000             0
268 38194 406300747491    4511088716    0.000000   0.000000             0
268 38194 606583985675    4511251666    0.000000   0.000000             0
268 38194 806481829983    4511151247    0.000000   0.000000             0
268 38195 006382635605    4511647542    0.000000   0.000000             0
268 38195 206180973786    4510908516    0.000000   0.000000             0
268 38195 406550764921    4511466860    0.000000   0.000000             0
268 38195 606659503479    4510941404    0.000000   0.000000             0
268 38195 806443193324    4510691343    0.000000   0.000000             0
268 38196 006630218442    4511619464    0.000000   0.000000             0
268 38196 206516224258    4511259063    0.000000   0.000000             0
268 38196 406588779886    4510959647    0.000000   0.000000             0
268 38196 606415607086    4511324096    0.000000   0.000000             0
268 38196 806246726424    4511205399    0.000000   0.000000             0
268 38197 006233539629    4511083141    0.000000   0.000000             0
268 38197 206050825422    4510990477    0.000000   0.000000             0
268 38197 406817110641    4511255881    0.000000   0.000000             0
268 38197 606696567615    4511164500    0.000000   0.000000             0
268 38197 806401010297    4511031921    0.000000   0.000000             0
268 38198 006109884664    4511263711    0.000000   0.000000             0
268 38198 206215910934    4510587017    0.000000   0.000000             0
268 38198 405947107851    4511234620    0.000000   0.000000             0
268 38198 605676876832    4511558328    0.000000   0.000000             0
268 38198 805770300729    4510751462    0.000000   0.000000             0
268 38199 006409166250    4511370412    0.000000   0.000000             0
268 38199 206278584752    4510767940    0.000000   0.000000             0
268 38199 406151702962    4510781787    0.000000   0.000000             0
268 38199 607085120260    4511119898    0.000000   0.000000             0
268 38199 806839799494    4510563929    0.000000   0.000000             0
268 38200 006603064438    4511280895    0.000000   0.000000             0
268 38200 206933683985    4510669535    0.000000   0.000000             0
268 38200 406833086687    4510651458    0.000000   0.000000             0
268 38200 606698757314    4511074623    0.000000   0.000000             0
268 38200 806379984977    4510451136    0.000000   0.000000             0
268 38201 006152387177    4511410673    0.000000   0.000000             0
268 38201 206518258550    4510489259    0.000000   0.000000             0
268 38201 406381461871    4511220054    0.000000   0.000000             0
268 38201 606339387981    4510991919    0.000000   0.000000             0
268 38201 806486230715    4510443402    0.000000   0.000000             0
268 38202 006340336884    4511541865    0.000000   0.000000             0
268 38202 206469583791    4511135888    0.000000   0.000000             0
268 38202 406448109803    4511270223    0.000000   0.000000             0
268 38202 606481822011    4510813148    0.000000   0.000000             0
268 38202 806394796673    4510635846    0.000000   0.000000             0
268 38203 006274865969    4511535302    0.000000   0.000000             0
268 38203 205943444715    4510494822    0.000000   0.000000             0
268 38203 406338618428    4511351486    0.000000   0.000000             0
268 38203 606247769443    4511116777    0.000000   0.000000             0
268 38203 806272004418    4510704941    0.000000   0.000000             0
268 38204 006312644073    4511701754    0.000000   0.000000             0
268 38204 206691578198    4511262122    0.000000   0.000000             0
268 38204 406659070257    4511612684    0.000000   0.000000             0
268 38204 606749201863    4511578783    0.000000   0.000000             0
268 38204 806888032806    4511367438    0.000000   0.000000             0
268 38205 006753971051    4512291777    0.000000   0.000000             0
268 38205 207009908350    4511836041    0.000000   0.000000             0
268 38205 406511976798    4511317335    0.000000   0.000000             0
268 38205 605870780964    4511300767    0.000000   0.000000             0
268 38205 806578468422    4511902120    0.000000   0.000000             0
268 38206 006498797935    4512036901    0.000000   0.000000             0
268 38206 206940477401    4512973281    0.000000   0.000000             0
268 38206 406722191023    4512542903    0.000000   0.000000             0
268 38206 606447519669    4512365192    0.000000   0.000000             0
268 38206 806160179753    4511967570    0.000000   0.000000             0
268 38207 005878124932    4511907120    0.000000   0.000000             0
268 38207 206209780714    4512242635    0.000000   0.000000             0
268 38207 406603155403    4513230795    0.000000   0.000000             0
268 38207 606596713595    4513370534    0.000000   0.000000             0
268 38207 806713715676    4513767130    0.000000   0.000000             0
268 38208 006497414084    4513524190    0.000000   0.000000             0
268 38208 206410572297    4513311109    0.000000   0.000000             0
268 38208 406000025680    4513163713    0.000000   0.000000             0
268 38208 605925075586    4513637709    0.000000   0.000000             0
268 38208 805362134386    4512207548    0.000000   0.000000             0
268 38209 005936736481    4513796125    0.000000   0.000000             0
268 38209 206057707881    4513455403    0.000000   0.000000             0
268 38209 406413260920    4512995542    0.000000   0.000000             0
268 38209 606265579649    4512502393    0.000000   0.000000             0
268 38209 806584598504    4512035918    0.000000   0.000000             0
268 38210 006561381342    4512913739    0.000000   0.000000             0
268 38210 206652183842    4511802374    0.000000   0.000000             0
268 38210 406520641620    4511895412    0.000000   0.000000             0
268 38210 606563628622    4511808511    0.000000   0.000000             0
268 38210 806273391790    4511756390    0.000000   0.000000             0
268 38211 006450610905    4511972146    0.000000   0.000000             0
268 38211 206365049409    4512031189    0.000000   0.000000             0
268 38211 406983675362    4511891344    0.000000   0.000000             0
268 38211 606997265088    4511866221    0.000000   0.000000             0
268 38211 806604170917    4511418881    0.000000   0.000000             0
268 38212 006212982131    4512369279    0.000000   0.000000             0
268 38212 206717635774    4511394804    0.000000   0.000000             0
268 38212 406712174037    4511766611    0.000000   0.000000             0
268 38212 606730283696    4511652619    0.000000   0.000000             0
268 38212 806560452424    4511785400    0.000000   0.000000             0
268 38213 006633702687    4512230036    0.000000   0.000000             0
268 38213 206515092614    4510929889    0.000000   0.000000             0
268 38213 406685564769    4511667849    0.000000   0.000000             0
268 38213 606669062006    4511770032    0.000000   0.000000             0
268 38213 806900708980    4510681707    0.000000   0.000000             0
268 38214 006581485010    4512493125    0.000000   0.000000             0
268 38214 206260336272    4510711953    0.000000   0.000000             0
268 38214 405963240046    4511409230    0.000000   0.000000             0
268 38214 606319140366    4511645917    0.000000   0.000000             0
268 38214 806209824674    4511269563    0.000000   0.000000             0
268 38215 006591385834    4511694310    0.000000   0.000000             0
268 38215 206654105015    4510809693    0.000000   0.000000             0
268 38215 406752208910    4511125383    0.000000   0.000000             0
268 38215 606503654701    4510894788    0.000000   0.000000             0
268 38215 806083165764    4510673556    0.000000   0.000000             0
268 38216 005554644165    4511948219    0.000000   0.000000             0
268 38216 206480408378    4510890785    0.000000   0.000000             0
268 38216 406427594782    4511291380    0.000000   0.000000             0
268 38216 606715685433    4510696610    0.000000   0.000000             0
268 38216 806698094566    4510622574    0.000000   0.000000             0
268 38217 006248443453    4511668528    0.000000   0.000000             0
268 38217 205801192860    4510341626    0.000000   0.000000             0
268 38217 406698963903    4510537253    0.000000   0.000000             0
268 38217 606484690070    4510528706    0.000000   0.000000             0
268 38217 806272282083    4510615153    0.000000   0.000000             0
268 38218 006891941106    4510775536    0.000000   0.000000             0
268 38218 206393654749    4510217226    0.000000   0.000000             0
268 38218 405898908255    4510173305    0.000000   0.000000             0
268 38218 606403072990    4510757612    0.000000   0.000000             0
268 38218 806187197406    4510139340    0.000000   0.000000             0
268 38219 006543223484    4510884107    0.000000   0.000000             0
268 38219 206365273865    4510375462    0.000000   0.000000             0
268 38219 406445372028    4510772902    0.000000   0.000000             0
268 38219 606208869212    4510910674    0.000000   0.000000             0
268 38219 806681511734    4510044472    0.000000   0.000000             0
268 38220 006659267885    4512087054    0.000000   0.000000             0
268 38220 206791094679    4510621419    0.000000   0.000000             0
268 38220 406776354954    4511782191    0.000000   0.000000             0
268 38220 606325583416    4511469122    0.000000   0.000000             0
268 38220 805882633227    4510711785    0.000000   0.000000             0
268 38221 006488364234    4513181624    0.000000   0.000000             0
268 38221 206374095898    4512498248    0.000000   0.000000             0
268 38221 406260889038    4513343814    0.000000   0.000000             0
268 38221 606519745161    4513236098    0.000000   0.000000             0
268 38221 806441570472    4512013894    0.000000   0.000000             0
268 38222 006182222671    4512412718    0.000000   0.000000             0
268 38222 206674895555    4511874390    0.000000   0.000000             0
268 38222 406607377852    4511859240    0.000000   0.000000             0
268 38222 606431891712    4511452270    0.000000   0.000000             0
268 38222 806215843666    4511503772    0.000000   0.000000             0
268 38223 006814418637    4511618582    0.000000   0.000000             0
268 38223 206284760687    4510681014    0.000000   0.000000             0
268 38223 405756085347    4511464397    0.000000   0.000000             0
268 38223 606291349031    4511283805    0.000000   0.000000             0
268 38223 806171849923    4510590569    0.000000   0.000000             0
268 38224 006142800521    4510688818    0.000000   0.000000             0
268 38224 206197355343    4510531389    0.000000   0.000000             0
268 38224 406096469458    4510663885    0.000000   0.000000             0
268 38224 606363391948    4510991146    0.000000   0.000000             0
268 38224 806215213401    4510471507    0.000000   0.000000             0
268 38225 006393205113    4510826621    0.000000   0.000000             0
268 38225 206180276466    4510389777    0.000000   0.000000             0
268 38225 406616815802    4510669045    0.000000   0.000000             0
268 38225 606542499016    4511026411    0.000000   0.000000             0
268 38225 806762536813    4510707962    0.000000   0.000000             0
268 38226 006791979707    4511656129    0.000000   0.000000             0
268 38226 206467182797    4510653507    0.000000   0.000000             0
268 38226 406563277174    4511471544    0.000000   0.000000             0
268 38226 606379985984    4510949252    0.000000   0.000000             0
268 38226 805963519844    4510459473    0.000000   0.000000             0
268 38227 006346720329    4511865178    0.000000   0.000000             0
268 38227 206187524454    4511022805    0.000000   0.000000             0
268 38227 406528447027    4512667412    0.000000   0.000000             0
268 38227 606533847276    4511933664    0.000000   0.000000             0
268 38227 806645779063    4512260248    0.000000   0.000000             0
268 38228 006482596960    4512624142    0.000000   0.000000             0
268 38228 206593099494    4512535269    0.000000   0.000000             0
268 38228 406344046336    4512689398    0.000000   0.000000             0
268 38228 606106850479    4511636473    0.000000   0.000000             0
268 38228 805865827395    4511153164    0.000000   0.000000             0
268 38229 006532398525    4512886317    0.000000   0.000000             0
268 38229 206385723148    4512140266    0.000000   0.000000             0
268 38229 406356407053    4512779915    0.000000   0.000000             0
268 38229 606142675933    4511664667    0.000000   0.000000             0
268 38229 807120557030    4513379271    0.000000   0.000000             0
268 38230 007011900932    4513563681    0.000000   0.000000             0
268 38230 206785280861    4512750934    0.000000   0.000000             0
268 38230 406559788185    4512479474    0.000000   0.000000             0
268 38230 606589058560    4512564743    0.000000   0.000000             0
268 38230 806381636401    4512113239    0.000000   0.000000             0
268 38231 006709549372    4513173183    0.000000   0.000000             0
268 38231 206689919854    4512197988    0.000000   0.000000             0
268 38231 406473135474    4512196199    0.000000   0.000000             0
268 38231 606251336103    4512045205    0.000000   0.000000             0
268 38231 806815531745    4512165371    0.000000   0.000000             0
268 38232 006962153260    4513167126    0.000000   0.000000             0
268 38232 206732598577    4512213041    0.000000   0.000000             0
268 38232 406365487841    4512257493    0.000000   0.000000             0
268 38232 606709931955    4512067617    0.000000   0.000000             0
268 38232 806680352485    4512115921    0.000000   0.000000             0
268 38233 006734928720    4512961807    0.000000   0.000000             0
268 38233 206502543966    4512073839    0.000000   0.000000             0
268 38233 406695910540    4511925079    0.000000   0.000000             0
268 38233 606653100840    4512243288    0.000000   0.000000             0
268 38233 806743175912    4512112851    0.000000   0.000000             0
268 38234 006805791527    4512947234    0.000000   0.000000             0
268 38234 206830216666    4512263174    0.000000   0.000000             0
268 38234 406597664260    4512203062    0.000000   0.000000             0
268 38234 606467523394    4511841097    0.000000   0.000000             0
268 38234 806557752861    4511681682    0.000000   0.000000             0
268 38235 006842769202    4512729147    0.000000   0.000000             0
268 38235 206896733376    4511905459    0.000000   0.000000             0
268 38235 406830594104    4512149419    0.000000   0.000000             0
268 38235 606548918011    4511861720    0.000000   0.000000             0
268 38235 806952806961    4512073699    0.000000   0.000000             0
268 38236 006814598833    4512712641    0.000000   0.000000             0
268 38236 206472524449    4511210515    0.000000   0.000000             0
268 38236 406306584351    4510903948    0.000000   0.000000             0
268 38236 606439932497    4511760031    0.000000   0.000000             0
268 38236 806246550368    4511089804    0.000000   0.000000             0
268 38237 006558945883    4512244807    0.000000   0.000000             0
268 38237 206611344736    4511190458    0.000000   0.000000             0
268 38237 406889750549    4512300637    0.000000   0.000000             0
268 38237 606928422989    4511966075    0.000000   0.000000             0
268 38237 806477753307    4511523732    0.000000   0.000000             0
268 38238 006035799619    4510947758    0.000000   0.000000             0
268 38238 206167797165    4510667066    0.000000   0.000000             0
268 38238 406587216894    4512121516    0.000000   0.000000             0
268 38238 606632184543    4512552989    0.000000   0.000000             0
268 38238 806372823157    4511365719    0.000000   0.000000             0
268 38239 006502350239    4512437517    0.000000   0.000000             0
268 38239 206370850821    4512231001    0.000000   0.000000             0
268 38239 406328739373    4512900029    0.000000   0.000000             0
268 38239 606092336151    4511934075    0.000000   0.000000             0
268 38239 806301903678    4513064289    0.000000   0.000000             0
268 38240 006121947772    4512845305    0.000000   0.000000             0
268 38240 206079601485    4512099087    0.000000   0.000000             0
268 38240 406137162645    4513032251    0.000000   0.000000             0
268 38240 606920909566    4512419579    0.000000   0.000000             0
268 38240 806992674414    4512059180    0.000000   0.000000             0
268 38241 006495702444    4512139752    0.000000   0.000000             0
268 38241 206003084764    4512006108    0.000000   0.000000             0
268 38241 406558966235    4512151020    0.000000   0.000000             0
268 38241 606540198482    4511317454    0.000000   0.000000             0
268 38241 806564449282    4511570210    0.000000   0.000000             0
268 38242 006489464315    4511617797    0.000000   0.000000             0
268 38242 206453218081    4511662693    0.000000   0.000000             0
268 38242 406284885277    4511450475    0.000000   0.000000             0
268 38242 606346080785    4511652178    0.000000   0.000000             0
268 38242 806060932409    4510989877    0.000000   0.000000             0
268 38243 006198050600    4511795685    0.000000   0.000000             0
268 38243 206111182444    4510615938    0.000000   0.000000             0
268 38243 406274607245    4510938372    0.000000   0.000000             0
268 38243 606220849360    4511784278    0.000000   0.000000             0
268 38243 806495533529    4509949347    0.000000   0.000000             0
268 38244 006444960149    4511302959    0.000000   0.000000             0
268 38244 206530337840    4510212897    0.000000   0.000000             0
268 38244 406466596491    4510471498    0.000000   0.000000             0
268 38244 606295123376    4510343045    0.000000   0.000000             0
268 38244 805950920912    4510041588    0.000000   0.000000             0
268 38245 006515961548    4510709897    0.000000   0.000000             0
268 38245 206627383668    4509960804    0.000000   0.000000             0
268 38245 406587310928    4510421025    0.000000   0.000000             0
268 38245 606545706876    4510080427    0.000000   0.000000             0
268 38245 806623134136    4509909777    0.000000   0.000000             0
268 38246 006428767767    4510603480    0.000000   0.000000             0
268 38246 206486630435    4510208533    0.000000   0.000000             0
268 38246 406575053617    4510292860    0.000000   0.000000             0
268 38246 606303396569    4510346477    0.000000   0.000000             0
268 38246 806026194943    4510137773    0.000000   0.000000             0
268 38247 006413786410    4511201406    0.000000   0.000000             0
268 38247 206184783754    4509904161    0.000000   0.000000             0
268 38247 406667405652    4510437010    0.000000   0.000000             0
268 38247 606917544457    4510649257    0.000000   0.000000             0
268 38247 806427898700    4510581637    0.000000   0.000000             0
268 38248 005937219328    4510328054    0.000000   0.000000             0
268 38248 206158091103    4510348026    0.000000   0.000000             0
268 38248 405715171248    4510075662    0.000000   0.000000             0
268 38248 606169478800    4510208554    0.000000   0.000000             0
268 38248 806057360081    4510349175    0.000000   0.000000             0
268 38249 006321225701    4510907497    0.000000   0.000000             0
268 38249 206118792477    4510143136    0.000000   0.000000             0
268 38249 406354610350    4510832634    0.000000   0.000000             0
268 38249 606514591462    4510304242    0.000000   0.000000             0
268 38249 806395846193    4510586527    0.000000   0.000000             0
268 38250 006272337952    4511142787    0.000000   0.000000             0
268 38250 206682628006    4510386368    0.000000   0.000000             0
268 38250 406744895401    4510685264    0.000000   0.000000             0
268 38250 606995486021    4510793515    0.000000   0.000000             0
268 38250 806732290039    4510199552    0.000000   0.000000             0
268 38251 006395272765    4511020674    0.000000   0.000000             0
268 38251 206066850922    4509991836    0.000000   0.000000             0
268 38251 406894242864    4510789684    0.000000   0.000000             0
268 38251 606937632372    4510305941    0.000000   0.000000             0
268 38251 806832601018    4510568044    0.000000   0.000000             0
268 38252 006672918738    4511263554    0.000000   0.000000             0
268 38252 206688051447    4510096496    0.000000   0.000000             0
268 38252 406207034452    4509600512    0.000000   0.000000             0
268 38252 605731590760    4510240870    0.000000   0.000000             0
268 38252 806509215407    4510404288    0.000000   0.000000             0
268 38253 006493085501    4510528494    0.000000   0.000000             0
268 38253 206384013043    4509548966    0.000000   0.000000             0
268 38253 406264937839    4510243714    0.000000   0.000000             0
268 38253 606153853660    4510226325    0.000000   0.000000             0
268 38253 806556085561    4510266605    0.000000   0.000000             0
268 38254 006487920167    4509943243    0.000000   0.000000             0
268 38254 206547977010    4510391138    0.000000   0.000000             0
268 38254 406504862673    4510475376    0.000000   0.000000             0
268 38254 606703251047    4510416041    0.000000   0.000000             0
268 38254 806475394311    4509751566    0.000000   0.000000             0
268 38255 006707665401    4511273687    0.000000   0.000000             0
268 38255 206493502032    4509796539    0.000000   0.000000             0
268 38255 406554766974    4510465875    0.000000   0.000000             0
268 38255 606363797167    4510146329    0.000000   0.000000             0
268 38255 806688458717    4510321691    0.000000   0.000000             0
268 38256 006520028306    4510410950    0.000000   0.000000             0
268 38256 206672655157    4510589751    0.000000   0.000000             0
268 38256 406497812422    4510520907    0.000000   0.000000             0
268 38256 606331095565    4510571104    0.000000   0.000000             0
268 38256 807027946183    4510942843    0.000000   0.000000             0
268 38257 006780031435    4511160681    0.000000   0.000000             0
268 38257 206519099163    4510581943    0.000000   0.000000             0
268 38257 406809756154    4511324918    0.000000   0.000000             0
268 38257 606975750998    4511024929    0.000000   0.000000             0
268 38257 806628278100    4510956997    0.000000   0.000000             0
268 38258 006283668881    4510995937    0.000000   0.000000             0
268 38258 206542487940    4511145099    0.000000   0.000000             0
268 38258 406872729000    4511191871    0.000000   0.000000             0
268 38258 606792594961    4511538446    0.000000   0.000000             0
268 38258 806718351792    4511339841    0.000000   0.000000             0
268 38259 007085498662    4513035840    0.000000   0.000000             0
268 38259 207017878791    4512385982    0.000000   0.000000             0
268 38259 406919194684    4512338802    0.000000   0.000000             0
268 38259 606820920279    4512482171    0.000000   0.000000             0
268 38259 806606435945    4512304834    0.000000   0.000000             0
268 38260 006404002459    4512685860    0.000000   0.000000             0
268 38260 206894826115    4512963901    0.000000   0.000000             0
268 38260 406805378741    4513353730    0.000000   0.000000             0
268 38260 606570966593    4513117366    0.000000   0.000000             0
268 38260 806333175446    4512842314    0.000000   0.000000             0
268 38261 006810905215    4514045694    0.000000   0.000000             0
268 38261 206905595034    4512987685    0.000000   0.000000             0
268 38261 406809280132    4513669734    0.000000   0.000000             0
268 38261 606696915835    4513601001    0.000000   0.000000             0
268 38261 806539620447    4512924851    0.000000   0.000000             0
268 38262 006360737614    4513686942    0.000000   0.000000             0
268 38262 206343378872    4513138492    0.000000   0.000000             0
268 38262 406117695929    4512855344    0.000000   0.000000             0
268 38262 606495753585    4513341967    0.000000   0.000000             0
268 38262 806237512741    4513211698    0.000000   0.000000             0
268 38263 006343324181    4513592034    0.000000   0.000000             0
268 38263 206077714050    4512966382    0.000000   0.000000             0
268 38263 406727389192    4512541492    0.000000   0.000000             0
268 38263 606564561152    4512604886    0.000000   0.000000             0
268 38263 806571629131    4512255828    0.000000   0.000000             0
268 38264 006195894748    4513457877    0.000000   0.000000             0
268 38264 206721435083    4511716751    0.000000   0.000000             0
268 38264 406647734409    4512109646    0.000000   0.000000             0
268 38264 606568833675    4511948906    0.000000   0.000000             0
268 38264 806693002371    4511638256    0.000000   0.000000             0
268 38265 006399662656    4512762008    0.000000   0.000000             0
268 38265 205952095537    4512969283    0.000000   0.000000             0
268 38265 406529536580    4511955895    0.000000   0.000000             0
268 38265 606513006314    4511533433    0.000000   0.000000             0
268 38265 806611534143    4511852596    0.000000   0.000000             0
268 38266 006556312757    4512324993    0.000000   0.000000             0
268 38266 206591596034    4510942729    0.000000   0.000000             0
268 38266 406817311770    4511969869    0.000000   0.000000             0
268 38266 606770324564    4511619152    0.000000   0.000000             0
268 38266 806521644008    4512254820    0.000000   0.000000             0
268 38267 006817772453    4512165956    0.000000   0.000000             0
268 38267 206695399916    4511776651    0.000000   0.000000             0
268 38267 406398758962    4511923137    0.000000   0.000000             0
268 38267 605837901181    4512180570    0.000000   0.000000             0
268 38267 806453332931    4511608724    0.000000   0.000000             0
268 38268 006248845995    4512467726    0.000000   0.000000             0
268 38268 206046693689    4511431657    0.000000   0.000000             0
268 38268 406339226305    4511908582    0.000000   0.000000             0
268 38268 606249095377    4511695303    0.000000   0.000000             0
268 38268 805951079863    4511290690    0.000000   0.000000             0
268 38269 006347159586    4511743829    0.000000   0.000000             0
268 38269 206743179377    4511361003    0.000000   0.000000             0
268 38269 406616815919    4511417836    0.000000   0.000000             0
268 38269 606380189143    4511492248    0.000000   0.000000             0
268 38269 806144062924    4511903058    0.000000   0.000000             0
268 38270 006042085733    4511554813    0.000000   0.000000             0
268 38270 206518724794    4510816731    0.000000   0.000000             0
268 38270 406291875755    4510819498    0.000000   0.000000             0
268 38270 606067197048    4510987707    0.000000   0.000000             0
268 38270 806209735689    4511210653    0.000000   0.000000             0
268 38271 006371568365    4511013865    0.000000   0.000000             0
268 38271 206305264226    4510269853    0.000000   0.000000             0
268 38271 406564668381    4510473043    0.000000   0.000000             0
268 38271 606624356151    4510626307    0.000000   0.000000             0
268 38271 806707090545    4509701028    0.000000   0.000000             0
268 38272 006689030328    4511471295    0.000000   0.000000             0
